-29
-26
-27
-25
-27
-28
-32
-23
-32
-26
-25
-29
-24
-23
-28
-24
-26
-29
-31
-25
-24
-19
-28
-20
-25
-21
-19
-23
-25
-21
-28
-24
-22
-21
-24
-26
-24
-26
-22
-22
-21
-19
-17
-19
-21
-18
-15
-23
-18
-10
-16
-16
-17
-18
-11
-11
-7
-11
-12
-12
-15
-9
-13
-8
-8
-13
-12
-7
-7
-4
-3
-10
-2
-5
-4
-5
-6
-7
-11
-2
-1
-2
-2
1
2
6
-4
3
5
-2
-5
7
6
4
6
9
2
9
4
13
3
7
9
8
9
17
10
9
17
11
17
12
16
15
17
11
21
19
13
14
10
16
15
19
22
17
16
22
18
29
23
24
20
21
22
24
30
31
19
29
26
28
31
28
30
30
35
23
35
29
34
30
32
24
25
25
32
26
34
32
30
31
27
33
34
31
31
36
28
40
38
31
36
29
35
37
34
33
31
35
36
33
30
36
35
36
27
39
31
35
29
28
29
32
38
29
36
36
30
39
29
27
34
29
28
27
33
35
31
37
30
34
34
31
29
30
24
27
20
27
28
29
32
29
21
21
24
26
21
29
26
25
22
25
27
22
15
24
23
19
23
20
21
18
18
20
20
13
11
14
11
11
17
17
18
13
9
10
8
13
10
14
9
11
4
3
-1
5
7
6
7
4
7
7
-1
7
4
3
1
-1
-2
4
1
0
-10
-9
-6
-4
-9
-3
-6
-8
-4
-6
-9
-3
-4
-15
-12
-11
-12
-16
-13
-15
-16
-13
-14
-10
-16
-18
-14
-17
-10
-22
-18
-13
-21
-11
-15
-22
-13
-26
-19
-15
-22
-19
-18
-28
-22
-19
-21
-15
-21
-21
-25
-31
-25
-29
-20
-25
-32
-28
-26
-22
-22
-27
-28
-24
-25
-24
-26
-20
-23
-32
-26
-31
-28
-32
-30
-27
-29
-32
-25
-27
-24
