 1.00000000000000E-008   2.38079067571562E-009
 1.10000000000000E-008   8.66850147218656E-010
 1.21000000000000E-008   1.21349041926067E-010
 1.33100000000000E-008   1.02557562442485E-009
 1.46410000000000E-008   2.54050891435043E-010
 1.61051000000000E-008   1.67880820356459E-010
 1.77156100000000E-008   8.89662010727932E-010
 1.94871710000000E-008   1.06297193269711E-010
 2.14358881000000E-008   2.68149502602455E-010
 2.35794769100000E-008   5.26397925249001E-010
 2.59374246010000E-008   6.86912526859374E-010
 2.85311670611000E-008   1.76183956313025E-010
 3.13842837672100E-008   2.88114643254289E-010
 3.45227121439311E-008   4.28811319785893E-010
 3.79749833583242E-008   4.29985713701342E-010
 4.17724816941566E-008   1.34793842754277E-010
 4.59497298635722E-008   3.03136626911282E-010
 5.05447028499295E-008   2.61951904612090E-010
 5.55991731349224E-008   2.61951904612090E-010
 6.11590904484147E-008   1.23475674129736E-011
 6.72749994932561E-008   4.32901492430915E-011
 7.40024994425818E-008   1.93315141672201E-010
 8.14027493868400E-008   1.42170053507584E-010
 8.95430243255240E-008   5.15606446427342E-011
 9.84973267580764E-008   7.26949611618011E-011
 1.08347059433884E-007   5.34821076314529E-011
 1.19181765377272E-007   2.43715048142690E-011
 1.31099941915000E-007   1.90787385889735E-011
 1.44209936106500E-007   1.42672540448530E-011
 1.58630929717150E-007   3.82235354479121E-011
 1.74494022688865E-007   1.74487091442188E-011
 1.91943424957751E-007   1.00595309859841E-010
 2.11137767453526E-007   3.74346109666135E-011
 2.32251544198879E-007   6.43235464892200E-011
 2.55476698618767E-007   2.25903740158628E-011
 2.81024368480643E-007   2.75287570516980E-011
 3.09126805328708E-007   2.40987230171186E-011
 3.40039485861579E-007   2.81799028556407E-011
 3.74043434447737E-007   3.53272966435725E-013
 4.11447777892510E-007   3.00031111066801E-011
 4.52592555681761E-007   4.38014069459314E-011
 4.97851811249937E-007   1.98840943710366E-012
 5.47636992374931E-007   2.46198617048776E-011
 6.02400691612424E-007   1.65567559662350E-011
 6.62640760773667E-007   1.86509696575854E-011
 7.28904836851034E-007   1.34037225762995E-012
 8.01795320536137E-007   1.68334235439716E-011
 8.81974852589751E-007   5.03219688141599E-012
 9.70172337848726E-007   9.27224963476192E-012
 1.06718957163360E-006   9.27224963476192E-012
 1.17390852879696E-006   2.54951615374921E-012
 1.29129938167665E-006   7.66031682530866E-012
 1.42042931984432E-006   1.79822823298537E-012
 1.56247225182875E-006   7.57161000564111E-012
 1.71871947701163E-006   1.36275435380639E-011
 1.89059142471279E-006   6.19160278603204E-012
 2.07965056718407E-006   5.52435874823232E-012
 2.28761562390248E-006   9.16411391216343E-012
 2.51637718629272E-006   1.99462668604156E-012
 2.76801490492200E-006   1.07682751604443E-011
 3.04481639541420E-006   1.55540025303935E-011
 3.34929803495562E-006   7.68130004047407E-012
 3.68422783845118E-006   1.78516090798553E-011
 4.05265062229630E-006   2.14471773674063E-011
 4.45791568452593E-006   1.66219260577805E-011
 4.90370725297852E-006   1.84613435649794E-011
 5.39407797827637E-006   2.78519429741664E-011
 5.93348577610401E-006   3.56872309481560E-011
 6.52683435371441E-006   4.55742110716528E-011
 7.17951778908585E-006   5.31127364311601E-011
 7.89746956799444E-006   6.04931660319608E-011
 8.68721652479389E-006   7.60685958667296E-011
 9.55593817727327E-006   9.13173980876536E-011
 1.05115319950006E-005   1.11781139899847E-010
 1.15626851945007E-005   1.34105171412102E-010
 1.27189537139507E-005   1.60619073596990E-010
 1.39908490853458E-005   1.95584215489930E-010
 1.53899339938804E-005   2.36117569940575E-010
 1.69289273932684E-005   2.85877432837367E-010
 1.86218201325953E-005   3.45124262501884E-010
 2.04840021458548E-005   4.19682288921308E-010
 2.25324023604403E-005   5.06647834797036E-010
 2.47856425964843E-005   6.13954997952249E-010
 2.72642068561327E-005   7.43676342729316E-010
 2.99906275417460E-005   8.98924712444682E-010
 3.29896902959206E-005   1.08877329374479E-009
 3.62886593255127E-005   1.31656630042443E-009
 3.99175252580640E-005   1.59412183453611E-009
 4.39092777838704E-005   1.92792426467747E-009
 4.83002055622574E-005   2.33243269143202E-009
 5.31302261184832E-005   2.82315515409692E-009
 5.84432487303315E-005   3.41537420567306E-009
 6.42875736033646E-005   4.13294920509344E-009
 7.07163309637011E-005   5.00071895004339E-009
 7.77879640600712E-005   6.05094652161853E-009
 8.55667604660783E-005   7.32176008710894E-009
 9.41234365126861E-005   8.85924544835604E-009
