zna4en dyspresii:  4.35384476203783E-004
===============
 0.00000000000000E+000   0.00000000000000E+000  0.00000000000000E+000  0.00000000000000E+000
 1.00000000000000E-001   9.98334166468282E-002  9.89867883290745E-002  8.46628317753659E-004
 2.00000000000000E-001   1.98669330795061E-001  1.97631106880703E-001  1.03822391435798E-003
 3.00000000000000E-001   2.95520206661340E-001  2.94673630935436E-001  8.46575725903631E-004
 4.00000000000000E-001   3.89418342308651E-001  3.88943831698201E-001  4.74510610449952E-004
 5.00000000000000E-001   4.79425538604203E-001  4.79359976298304E-001  6.55623058992694E-005
 6.00000000000000E-001   5.64642473395036E-001  5.64929127789431E-001  2.86654394395125E-004
 7.00000000000000E-001   6.44217687237691E-001  6.44747145149645E-001  5.29457911953357E-004
 8.00000000000000E-001   7.17356090899523E-001  7.17998683281387E-001  6.42592381864593E-004
 9.00000000000000E-001   7.83326909627484E-001  7.83957193011480E-001  6.30283383996622E-004
 1.00000000000000E+000   8.41470984807897E-001  8.41984921091122E-001  5.13936283224825E-004
 1.10000000000000E+000   8.91207360061436E-001  8.91532910195889E-001  3.25550134453234E-004
 1.20000000000000E+000   9.32039085967227E-001  9.32140998925738E-001  1.01912958511696E-004
 1.30000000000000E+000   9.63558185417193E-001  9.63437821805004E-001  1.20363612189256E-004
 1.40000000000000E+000   9.85449729988460E-001  9.85140809282399E-001  3.08920706061144E-004
 1.50000000000000E+000   9.97494986604055E-001  9.97056187731015E-001  4.38798873039659E-004
 1.60000000000000E+000   9.99573603041505E-001  9.99078979448322E-001  4.94623593183752E-004
 1.70000000000000E+000   9.91664810452469E-001  9.91193002656167E-001  4.71807796301960E-004
 1.80000000000000E+000   9.73847630878195E-001  9.73470871500778E-001  3.76759377417324E-004
 1.90000000000000E+000   9.46300087687415E-001  9.46073996052760E-001  2.26091634654035E-004
 2.00000000000000E+000   9.09297426825682E-001  9.09252582307097E-001  4.48445185843305E-005
 2.10000000000000E+000   8.63209366648874E-001  8.63345632183152E-001  1.36265534278479E-004
 2.20000000000000E+000   8.08496403819590E-001  8.08780943524664E-001  2.84539705073805E-004
 2.30000000000000E+000   7.45705212176720E-001  7.46075110099753E-001  3.69897923033435E-004
 2.40000000000000E+000   6.75463180551150E-001  6.75833521600918E-001  3.70341049767631E-004
 2.50000000000000E+000   5.98472144103956E-001  5.98750363645033E-001  2.78219541077540E-004
 2.60000000000000E+000   5.15501371821464E-001  5.15608617773355E-001  1.07245951891377E-004
 2.70000000000000E+000   4.27379880233829E-001  4.27280061451515E-001  9.98187823140762E-005
 2.80000000000000E+000   3.34988150155904E-001  3.34725268069525E-001  2.62882086378868E-004
 2.90000000000000E+000   2.39249329213981E-001  2.38993606941777E-001  2.55722272204495E-004
