764
776
771
772
791
796
795
784
798
787
795
775
760
788
799
774
778
787
782
776
786
771
787
764
784
767
779
777
779
790
771
774
771
784
761
769
790
779
791
769
786
776
790
773
789
776
797
789
769
784
799
773
792
769
781
795
791
770
787
760
786
795
770
764
761
768
777
792
766
792
787
779
770
788
797
764
798
778
779
774
783
764
789
791
765
795
770
779
767
790
771
780
772
771
773
799
768
794
773
788
761
783
765
785
786
776
781
788
781
772
788
788
793
765
780
797
781
770
789
782
797
785
762
770
793
774
781
787
765
776
796
766
787
783
790
768
787
766
781
770
798
796
768
766
790
799
776
787
767
775
795
767
764
785
785
788
774
764
780
791
781
798
787
764
782
783
773
769
766
773
787
761
777
788
765
760
783
765
796
780
775
769
788
789
789
771
777
777
787
799
779
788
784
797
779
764
774
774
784
763
793
762
785
777
795
787
770
776
799
774
788
781
786
795
772
763
791
794
790
766
773
798
769
795
760
798
778
775
799
787
779
779
775
771
790
799
798
773
796
777
763
788
796
781
790
776
794
776
767
776
787
791
782
782
767
779
795
799
765
789
779
777
796
786
781
785
774
777
798
785
760
798
780
778
796
797
785
793
783
772
793
788
766
771
770
790
769
788
790
766
772
788
766
775
796
764
793
783
781
782
796
766
762
795
769
769
778
790
777
772
792
792
783
775
796
792
762
765
796
781
786
760
765
774
781
776
785
791
795
774
767
774
783
796
763
796
793
793
784
789
778
796
798
771
769
790
781
787
773
787
775
797
761
767
764
780
771
775
769
760
