0.000000
0.004165
0.008329
0.012494
0.016658
0.020823
0.024987
0.029152
0.033316
0.037481
0.041646
0.045810
0.049975
0.054139
0.058304
0.062468
0.066633
0.070797
0.074962
0.079127
0.083291
0.087456
0.091620
0.095785
0.099949
0.104114
0.108278
0.112443
0.116608
0.120772
0.124937
0.129101
0.133266
0.137430
0.141595
0.145759
0.149924
0.154089
0.158253
0.162418
0.166582
0.170747
0.174911
0.179076
0.183240
0.187405
0.191570
0.195734
0.199899
0.204063
0.208228
0.212392
0.216557
0.220721
0.224886
0.229051
0.233215
0.237380
0.241544
0.245709
0.249873
0.254038
0.258202
0.262367
0.266532
0.270696
0.274861
0.279025
0.283190
0.287354
0.291519
0.295683
0.299848
0.304013
0.308177
0.312342
0.316506
0.320671
0.324835
0.329000
0.333164
0.337329
0.341494
0.345658
0.349823
0.353987
0.358152
0.362316
0.366481
0.370645
0.374810
0.378975
0.383139
0.387304
0.391468
0.395633
0.399797
0.403962
0.408126
0.412291
0.416456
0.420620
0.424785
0.428949
0.433114
0.437278
0.441443
0.445607
0.449772
0.453937
0.458101
0.462266
0.466430
0.470595
0.474759
0.478924
0.483088
0.487253
0.491418
0.495582
0.499747
0.503911
0.508076
0.512240
0.516405
0.520569
0.524734
0.528899
0.533063
0.537228
0.541392
0.545557
0.549721
0.553886
0.558050
0.562215
0.566380
0.570544
0.574709
0.578873
0.583038
0.587202
0.591367
0.595531
0.599696
0.603861
0.608025
0.612190
0.616354
0.620519
0.624683
0.628848
0.633012
0.637177
0.641342
0.645506
0.649671
0.653835
0.658000
0.662164
0.666329
0.670493
0.674658
0.678822
0.682987
0.687151
0.691316
0.695480
0.699645
0.703809
0.707974
0.712138
0.716303
0.720467
0.724632
0.728796
0.732961
0.737125
0.741290
0.745454
0.749619
0.753784
0.757948
0.762113
0.766277
0.770442
0.774606
0.778771
0.782935
0.787100
0.791264
0.795429
0.799593
0.803758
0.807922
0.812087
0.816251
0.820416
0.824580
0.828745
0.832909
0.837074
0.841238
0.845403
0.849567
0.853732
0.857897
0.862061
0.866226
0.870390
0.874555
0.878719
0.882884
0.887048
0.891213
0.895377
0.899542
0.903706
0.907871
0.912035
0.916200
0.920364
0.924529
0.928693
0.932858
0.937022
0.941187
0.945351
0.949516
0.953680
0.957845
0.962009
0.966174
0.970338
0.974503
0.978667
0.982832
0.986997
0.991161
0.995326
0.999490
0.996345
0.992181
0.988016
0.983852
0.979687
0.975523
0.971358
0.967194
0.963029
0.958865
0.954700
0.950536
0.946371
0.942207
0.938042
0.933878
0.929713
0.925549
0.921384
0.917220
0.913055
0.908890
0.904726
0.900561
0.896397
0.892232
0.888068
0.883903
0.879739
0.875574
0.871410
0.867245
0.863081
0.858916
0.854752
0.850587
0.846423
0.842258
0.838094
0.833929
0.829765
0.825600
0.821436
0.817271
0.813107
0.808942
0.804778
0.800613
0.796448
0.792284
0.788119
0.783955
0.779790
0.775626
0.771461
0.767297
0.763132
0.758968
0.754803
0.750639
0.746474
0.742310
0.738145
0.733981
0.729816
0.725652
0.721487
0.717323
0.713158
0.708993
0.704829
0.700664
0.696500
0.692335
0.688170
0.684006
0.679841
0.675677
0.671512
0.667347
0.663183
0.659018
0.654854
0.650689
0.646524
0.642360
0.638195
0.634031
0.629866
0.625701
0.621537
0.617372
0.613208
0.609043
0.604878
0.600714
0.596549
0.592385
0.588220
0.584055
0.579891
0.575726
0.571562
0.567397
0.563233
0.559068
0.554903
0.550739
0.546574
0.542410
0.538245
0.534080
0.529916
0.525751
0.521587
0.517422
0.513257
0.509093
0.504928
0.500764
0.496599
0.492434
0.488270
0.484105
0.479941
0.475776
0.471611
0.467447
0.463282
0.459118
0.454953
0.450788
0.446624
0.442459
0.438295
0.434130
0.429966
0.425801
0.421636
0.417472
0.413307
0.409143
0.404978
0.400813
0.396649
0.392484
0.388320
0.384155
0.379990
0.375826
0.371661
0.367497
0.363332
0.359167
0.355003
0.350838
0.346674
0.342509
0.338344
0.334180
0.330015
0.325851
0.321686
0.317521
0.313357
0.309192
0.305028
0.300863
0.296699
0.292534
0.288369
0.284205
0.280040
0.275876
0.271711
0.267546
0.263382
0.259217
0.255053
0.250888
0.246723
0.242559
0.238394
0.234230
0.230065
0.225900
0.221736
0.217571
0.213407
0.209242
0.205077
0.200913
0.196748
0.192584
0.188419
0.184254
0.180090
0.175925
0.171761
0.167596
0.163431
0.159267
0.155102
0.150938
0.146773
0.142609
0.138444
0.134279
0.130115
0.125950
0.121786
0.117621
0.113456
0.109292
0.105127
0.100963
0.096798
0.092633
0.088469
0.084304
0.080140
0.075975
0.071810
0.067646
0.063481
0.059317
0.055152
0.050987
0.046823
0.042658
0.038494
0.034329
0.030164
0.026000
0.021835
0.017671
0.013506
0.009342
0.005177
0.001012
