17.255175
18.292549
18.954538
19.215460
19.065254
18.509691
17.570364
16.283413
14.697905
12.874034
10.879663
8.787557
6.672651
4.607809
2.661148
0.893604
-0.644400
-1.914373
-2.890816
-3.562446
-3.931746
-4.014261
-3.837435
-3.438579
-2.862766
-2.160077
-1.382924
-0.583538
0.188982
0.890818
1.485237
1.944406
2.250148
2.394315
2.378782
2.214627
1.921071
1.523846
1.053365
0.542842
0.026003
-0.464816
-0.900401
-1.256484
-1.514702
-1.663617
-1.698986
-1.623720
-1.447418
-1.185469
-0.857962
-0.488166
-0.101019
0.278356
0.626365
0.922256
1.149222
1.295433
1.354504
1.325714
1.213882
1.028852
0.784782
0.499045
0.191069
-0.118847
-0.410971
-0.667277
-0.872475
-1.015000
-1.087555
-1.087459
-1.016718
-0.881732
-0.692836
-0.463479
-0.209318
0.052755
0.305822
0.533952
0.723131
0.862205
0.943457
0.963004
0.921005
0.821509
0.672167
0.483618
0.268758
0.041941
-0.182065
-0.388972
-0.565831
-0.701909
-0.789282
-0.823273
-0.802724
-0.729973
-0.610666
-0.453311
-0.268687
-0.069164
0.132192
0.322425
0.489468
0.622991
0.714972
0.760162
0.756421
0.704766
0.609281
0.476789
0.316369
0.138795
-0.044259
-0.220941
-0.379944
-0.511301
-0.606928
-0.661175
-0.671119
-0.636720
-0.560796
-0.448779
-0.308379
-0.149007
0.018835
0.184194
0.336450
0.465956
0.564615
0.626443
0.647887
0.628032
0.568635
0.473972
0.350558
0.206670
0.051809
-0.103889
-0.250375
-0.378297
-0.479568
-0.547931
-0.579304
-0.572022
-0.526940
-0.447325
-0.338665
-0.208247
-0.064686
0.082596
0.224059
0.350623
0.454219
0.528359
0.568503
0.572338
0.539919
0.473638
0.378054
0.259580
0.126047
-0.013774
-0.150801
-0.276193
-0.381927
-0.461293
-0.509352
-0.523214
-0.502220
-0.447959
-0.364172
-0.256476
-0.131995
0.001117
0.134169
0.258560
0.366288
0.450478
0.505821
0.528889
0.518378
0.475154
0.402188
0.304375
0.188177
0.061215
-0.068233
-0.191780
-0.301429
-0.390153
-0.452301
-0.483969
-0.483238
-0.450299
-0.387425
-0.298814
-0.190306
-0.069032
0.057107
0.179916
0.291446
0.384513
0.453137
0.492959
0.501494
0.478287
0.424946
0.345024
0.243783
0.127849
0.004774
-0.117425
-0.230827
-0.328102
-0.402984
-0.450657
-0.468096
-0.454235
-0.410040
-0.338432
-0.244122
-0.133265
-0.013086
0.108611
0.223907
0.325339
0.406341
0.461683
0.487805
0.483039
0.447732
0.384204
0.296605
0.190632
0.073194
-0.048083
-0.165323
-0.270923
-0.358010
-0.420945
-0.455644
-0.459857
-0.433307
-0.377720
-0.296701
-0.195506
-0.080696
0.040261
0.159518
0.269326
0.362544
0.433107
0.476400
0.489590
0.471790
0.424117
0.349640
0.253164
0.140929
0.020206
-0.101182
-0.215322
-0.314795
-0.393107
-0.445129
-0.467420
-0.458474
-0.418804
-0.350922
-0.259165
-0.149459
-0.028887
0.094741
0.213391
0.319340
0.405645
0.466643
0.498289
0.498429
0.466954
0.405806
0.318863
0.211689
0.091176
-0.034867
-0.158268
-0.270990
-0.365655
-0.436019
-0.477409
-0.487007
-0.464049
-0.409881
-0.327891
-0.223286
-0.102768
0.025904
0.154377
0.274293
0.377803
0.458079
0.509775
0.529359
0.515383
0.468570
0.391766
0.289816
0.169194
0.037659
-0.096305
-0.223970
-0.336995
-0.427906
-0.490645
-0.520935
-0.516577
-0.477615
-0.406348
-0.307177
-0.186383
-0.051657
0.088305
0.224440
0.347826
0.450332
0.525113
0.567061
0.573177
0.542764
0.477489
0.381323
0.260253
0.121971
-0.024678
-0.170187
-0.305066
-0.420428
-0.508548
-0.563428
-0.581159
-0.560219
-0.501592
-0.408707
-0.287294
-0.144956
0.009219
0.165320
0.313159
0.443009
0.546203
0.615691
0.646560
0.636345
0.585225
0.496061
0.374202
0.227221
0.064382
-0.103858
-0.266594
-0.413139
-0.533691
-0.620050
-0.666104
-0.668305
-0.625903
-0.541041
-0.418674
-0.266244
-0.093292
0.089206
0.269442
0.435618
0.576669
0.682967
0.747032
0.763996
0.731987
0.652303
0.529351
0.370458
0.185377
-0.014216
-0.215539
-0.405471
-0.571357
-0.701933
-0.787983
-0.823056
-0.803876
-0.730650
-0.607117
-0.440342
-0.240389
-0.019633
0.207879
0.427417
0.624454
0.785577
0.899469
0.957601
0.954905
0.890155
0.766127
0.589548
0.370687
0.122869
-0.138414
-0.396410
-0.634095
-0.835402
-0.986142
-1.075093
-1.094702
-1.041747
-0.917636
-0.728416
-0.484592
-0.200466
0.106534
0.417018
0.710768
0.967941
1.170506
1.303314
1.355281
1.320154
1.197122
0.991058
0.712351
0.376548
0.003426
-0.384064
-0.761045
-1.102414
-1.384226
-1.585452
-1.689256
-1.684393
-1.566076
-1.336572
-1.005446
-0.589205
-0.110620
0.402259
0.917835
1.402454
1.822667
2.147031
2.348390
2.405566
2.305157
2.042743
1.623657
1.063445
0.387422
-0.370081
-1.166869
-1.955109
-2.683124
-3.298389
-3.749753
-3.990649
-3.981382
-3.691650
-3.102547
-2.207953
-1.015379
0.453424
2.163572
4.067317
6.106790
8.215296
10.320947
12.348998
14.226028
15.882138
17.255156
