0.000000
0.013083
0.026167
0.039250
0.052333
0.065417
0.078500
0.091583
0.104667
0.117750
0.130833
0.143917
0.157000
0.170083
0.183167
0.196250
0.209333
0.222417
0.235500
0.248583
0.261667
0.274750
0.287833
0.300917
0.314000
0.327083
0.340167
0.353250
0.366333
0.379417
0.392500
0.405583
0.418667
0.431750
0.444833
0.457917
0.471000
0.484083
0.497167
0.510250
0.523333
0.536417
0.549500
0.562584
0.575667
0.588750
0.601834
0.614917
0.628000
0.641084
0.654167
0.667250
0.680334
0.693417
0.706500
0.719584
0.732667
0.745750
0.758834
0.771917
0.785000
0.798084
0.811167
0.824250
0.837334
0.850417
0.863500
0.876584
0.889667
0.902750
0.915834
0.928917
0.942000
0.955084
0.968167
0.981250
0.994334
1.007417
1.020500
1.033584
1.046667
1.059750
1.072834
1.085917
1.099000
1.112084
1.125167
1.138250
1.151334
1.164417
1.177500
1.190584
1.203667
1.216750
1.229834
1.242917
1.256000
1.269084
1.282167
1.295250
1.308334
1.321417
1.334500
1.347584
1.360667
1.373750
1.386834
1.399917
1.413000
1.426084
1.439167
1.452250
1.465334
1.478417
1.491500
1.504584
1.517667
1.530751
1.543834
1.556917
1.570001
1.583084
1.596167
1.609251
1.622334
1.635417
1.648501
1.661584
1.674667
1.687751
1.700834
1.713917
1.727001
1.740084
1.753167
1.766251
1.779334
1.792417
1.805501
1.818584
1.831667
1.844751
1.857834
1.870917
1.884001
1.897084
1.910167
1.923251
1.936334
1.949417
1.962501
1.975584
1.988667
2.001751
2.014834
2.027917
2.041000
2.054084
2.067167
2.080250
2.093333
2.106416
2.119500
2.132583
2.145666
2.158749
2.171833
2.184916
2.197999
2.211082
2.224165
2.237249
2.250332
2.263415
2.276498
2.289582
2.302665
2.315748
2.328831
2.341914
2.354998
2.368081
2.381164
2.394247
2.407331
2.420414
2.433497
2.446580
2.459663
2.472747
2.485830
2.498913
2.511996
2.525079
2.538163
2.551246
2.564329
2.577412
2.590496
2.603579
2.616662
2.629745
2.642828
2.655912
2.668995
2.682078
2.695161
2.708245
2.721328
2.734411
2.747494
2.760577
2.773661
2.786744
2.799827
2.812910
2.825994
2.839077
2.852160
2.865243
2.878326
2.891410
2.904493
2.917576
2.930659
2.943743
2.956826
2.969909
2.982992
2.996075
3.009159
3.022242
3.035325
3.048408
3.061491
3.074575
3.087658
3.100741
3.113824
3.126908
3.139991
3.153074
3.166157
3.179240
3.192324
3.205407
3.218490
3.231573
3.244657
3.257740
3.270823
3.283906
3.296989
3.310073
3.323156
3.336239
3.349322
3.362406
3.375489
3.388572
3.401655
3.414738
3.427822
3.440905
3.453988
3.467071
3.480155
3.493238
3.506321
3.519404
3.532487
3.545571
3.558654
3.571737
3.584820
3.597903
3.610987
3.624070
3.637153
3.650236
3.663320
3.676403
3.689486
3.702569
3.715652
3.728736
3.741819
3.754902
3.767985
3.781069
3.794152
3.807235
3.820318
3.833401
3.846485
3.859568
3.872651
3.885734
3.898818
3.911901
3.924984
3.938067
3.951150
3.964234
3.977317
3.990400
4.003483
4.016567
4.029650
4.042734
4.055817
4.068901
4.081984
4.095068
4.108151
4.121234
4.134318
4.147401
4.160485
4.173568
4.186652
4.199735
4.212819
4.225902
4.238986
4.252069
4.265152
4.278236
4.291319
4.304403
4.317486
4.330570
4.343653
4.356737
4.369820
4.382904
4.395987
4.409070
4.422154
4.435237
4.448321
4.461404
4.474488
4.487571
4.500655
4.513738
4.526822
4.539905
4.552989
4.566072
4.579155
4.592239
4.605322
4.618406
4.631489
4.644573
4.657656
4.670740
4.683823
4.696907
4.709990
4.723073
4.736157
4.749240
4.762324
4.775407
4.788491
4.801574
4.814658
4.827741
4.840825
4.853908
4.866992
4.880075
4.893158
4.906242
4.919325
4.932409
4.945492
4.958576
4.971659
4.984743
4.997826
5.010910
5.023993
5.037076
5.050160
5.063243
5.076327
5.089410
5.102494
5.115577
5.128661
5.141744
5.154828
5.167911
5.180995
5.194078
5.207161
5.220245
5.233328
5.246412
5.259495
5.272579
5.285662
5.298746
5.311829
5.324913
5.337996
5.351079
5.364163
5.377246
5.390330
5.403413
5.416497
5.429580
5.442664
5.455747
5.468831
5.481914
5.494998
5.508081
5.521164
5.534248
5.547331
5.560415
5.573498
5.586582
5.599665
5.612749
5.625832
5.638916
5.651999
5.665082
5.678166
5.691249
5.704333
5.717416
5.730500
5.743583
5.756667
5.769750
5.782834
5.795917
5.809000
5.822084
5.835167
5.848251
5.861334
5.874418
5.887501
5.900585
5.913668
5.926752
5.939835
5.952919
5.966002
5.979085
5.992169
6.005252
6.018336
6.031419
6.044503
6.057586
6.070670
6.083753
6.096837
6.109920
6.123003
6.136087
6.149170
6.162254
6.175337
6.188421
6.201504
6.214588
6.227671
6.240755
6.253838
6.266922
6.280005
