0.000000
0.000004
0.000008
0.000012
0.000016
0.000020
0.000024
0.000028
0.000032
0.000036
0.000040
0.000044
0.000048
0.000052
0.000056
0.000060
0.000064
0.000068
0.000072
0.000076
0.000080
0.000084
0.000088
0.000092
0.000096
0.000100
0.000104
0.000108
0.000112
0.000116
0.000120
0.000124
0.000128
0.000132
0.000136
0.000140
0.000144
0.000148
0.000152
0.000156
0.000160
0.000164
0.000168
0.000172
0.000176
0.000180
0.000184
0.000188
0.000192
0.000196
0.000200
0.000204
0.000208
0.000212
0.000216
0.000220
0.000224
0.000228
0.000232
0.000236
0.000240
0.000244
0.000248
0.000252
0.000256
0.000260
0.000264
0.000268
0.000272
0.000276
0.000280
0.000284
0.000288
0.000292
0.000296
0.000300
0.000304
0.000308
0.000312
0.000316
0.000320
0.000324
0.000328
0.000332
0.000336
0.000340
0.000344
0.000348
0.000352
0.000356
0.000360
0.000364
0.000368
0.000372
0.000376
0.000380
0.000384
0.000388
0.000392
0.000396
0.000400
0.000404
0.000408
0.000412
0.000416
0.000420
0.000424
0.000428
0.000432
0.000436
0.000440
0.000444
0.000448
0.000452
0.000456
0.000460
0.000464
0.000468
0.000472
0.000476
0.000480
0.000484
0.000488
0.000492
0.000496
0.000500
0.000504
0.000508
0.000512
0.000516
0.000520
0.000524
0.000528
0.000532
0.000536
0.000540
0.000544
0.000548
0.000552
0.000556
0.000560
0.000564
0.000568
0.000572
0.000576
0.000580
0.000584
0.000588
0.000592
0.000596
0.000600
0.000604
0.000608
0.000612
0.000616
0.000620
0.000624
0.000628
0.000632
0.000636
0.000640
0.000644
0.000648
0.000652
0.000656
0.000660
0.000664
0.000668
0.000672
0.000676
0.000680
0.000684
0.000688
0.000692
0.000696
0.000700
0.000704
0.000708
0.000712
0.000716
0.000720
0.000724
0.000728
0.000732
0.000736
0.000740
0.000744
0.000748
0.000752
0.000756
0.000760
0.000764
0.000768
0.000772
0.000776
0.000780
0.000784
0.000788
0.000792
0.000796
0.000800
0.000804
0.000808
0.000812
0.000816
0.000820
0.000824
0.000828
0.000832
0.000836
0.000840
0.000844
0.000848
0.000852
0.000856
0.000860
0.000864
0.000868
0.000872
0.000876
0.000880
0.000884
0.000888
0.000892
0.000896
0.000900
0.000904
0.000908
0.000912
0.000916
0.000920
0.000924
0.000928
0.000932
0.000936
0.000940
0.000944
0.000948
0.000952
0.000956
0.000960
0.000964
0.000968
0.000972
0.000976
0.000980
0.000984
0.000988
0.000992
0.000996
0.001000
0.001004
0.001008
0.001012
0.001016
0.001020
0.001024
0.001028
0.001032
0.001036
0.001040
0.001044
0.001048
0.001052
0.001056
0.001060
0.001064
0.001068
0.001072
0.001076
0.001080
0.001084
0.001088
0.001092
0.001096
0.001100
0.001104
0.001108
0.001112
0.001116
0.001120
0.001124
0.001128
0.001132
0.001136
0.001140
0.001144
0.001148
0.001152
0.001156
0.001160
0.001164
0.001168
0.001172
0.001176
0.001180
0.001184
0.001188
0.001192
0.001196
0.001200
0.001204
0.001208
0.001212
0.001216
0.001220
0.001224
0.001228
0.001232
0.001236
0.001240
0.001244
0.001248
0.001252
0.001256
0.001260
0.001264
0.001268
0.001272
0.001276
0.001280
0.001284
0.001288
0.001292
0.001296
0.001300
0.001304
0.001308
0.001312
0.001316
0.001320
0.001324
0.001328
0.001332
0.001336
0.001340
0.001344
0.001348
0.001352
0.001356
0.001360
0.001364
0.001368
0.001372
0.001376
0.001380
0.001384
0.001388
0.001392
0.001396
0.001400
0.001404
0.001408
0.001412
0.001416
0.001420
0.001424
0.001428
0.001432
0.001436
0.001440
0.001444
0.001448
0.001452
0.001456
0.001460
0.001464
0.001468
0.001472
0.001476
0.001480
0.001484
0.001488
0.001492
0.001496
0.001500
0.001504
0.001508
0.001512
0.001516
0.001520
0.001524
0.001528
0.001532
0.001536
0.001540
0.001544
0.001548
0.001552
0.001556
0.001560
0.001564
0.001568
0.001572
0.001576
0.001580
0.001584
0.001588
0.001592
0.001596
0.001600
0.001604
0.001608
0.001612
0.001616
0.001620
0.001624
0.001628
0.001632
0.001636
0.001640
0.001644
0.001648
0.001652
0.001656
0.001660
0.001664
0.001668
0.001672
0.001676
0.001680
0.001684
0.001688
0.001692
0.001696
0.001700
0.001704
0.001708
0.001712
0.001716
0.001720
0.001724
0.001728
0.001732
0.001736
0.001740
0.001744
0.001748
0.001752
0.001756
0.001760
0.001764
0.001768
0.001772
0.001776
0.001780
0.001784
0.001788
0.001792
0.001796
0.001800
0.001804
0.001808
0.001812
0.001816
0.001820
0.001824
0.001828
0.001832
0.001836
0.001840
0.001844
0.001848
0.001852
0.001856
0.001860
0.001864
0.001868
0.001872
0.001876
0.001880
0.001884
0.001888
0.001892
0.001896
0.001900
0.001904
0.001908
0.001912
0.001916
0.001920
0.001924
0.001928
0.001932
0.001936
0.001940
0.001944
0.001948
0.001952
0.001956
0.001960
0.001964
0.001968
0.001972
0.001976
0.001980
0.001984
0.001988
0.001992
0.001996
0.002000
0.001996
0.001992
0.001988
0.001984
0.001980
0.001976
0.001972
0.001968
0.001964
0.001960
0.001956
0.001952
0.001948
0.001944
0.001940
0.001936
0.001932
0.001928
0.001924
0.001920
0.001916
0.001912
0.001908
0.001904
0.001900
0.001896
0.001892
0.001888
0.001884
0.001880
0.001876
0.001872
0.001868
0.001864
0.001860
0.001856
0.001852
0.001848
0.001844
0.001840
0.001836
0.001832
0.001828
0.001824
0.001820
0.001816
0.001812
0.001808
0.001804
0.001800
0.001796
0.001792
0.001788
0.001784
0.001780
0.001776
0.001772
0.001768
0.001764
0.001760
0.001756
0.001752
0.001748
0.001744
0.001740
0.001736
0.001732
0.001728
0.001724
0.001720
0.001716
0.001712
0.001708
0.001704
0.001700
0.001696
0.001692
0.001688
0.001684
0.001680
0.001676
0.001672
0.001668
0.001664
0.001660
0.001656
0.001652
0.001648
0.001644
0.001640
0.001636
0.001632
0.001628
0.001624
0.001620
0.001616
0.001612
0.001608
0.001604
0.001600
0.001596
0.001592
0.001588
0.001584
0.001580
0.001576
0.001572
0.001568
0.001564
0.001560
0.001556
0.001552
0.001548
0.001544
0.001540
0.001536
0.001532
0.001528
0.001524
0.001520
0.001516
0.001512
0.001508
0.001504
0.001500
0.001496
0.001492
0.001488
0.001484
0.001480
0.001476
0.001472
0.001468
0.001464
0.001460
0.001456
0.001452
0.001448
0.001444
0.001440
0.001436
0.001432
0.001428
0.001424
0.001420
0.001416
0.001412
0.001408
0.001404
0.001400
0.001396
0.001392
0.001388
0.001384
0.001380
0.001376
0.001372
0.001368
0.001364
0.001360
0.001356
0.001352
0.001348
0.001344
0.001340
0.001336
0.001332
0.001328
0.001324
0.001320
0.001316
0.001312
0.001308
0.001304
0.001300
0.001296
0.001292
0.001288
0.001284
0.001280
0.001276
0.001272
0.001268
0.001264
0.001260
0.001256
0.001252
0.001248
0.001244
0.001240
0.001236
0.001232
0.001228
0.001224
0.001220
0.001216
0.001212
0.001208
0.001204
0.001200
0.001196
0.001192
0.001188
0.001184
0.001180
0.001176
0.001172
0.001168
0.001164
0.001160
0.001156
0.001152
0.001148
0.001144
0.001140
0.001136
0.001132
0.001128
0.001124
0.001120
0.001116
0.001112
0.001108
0.001104
0.001100
0.001096
0.001092
0.001088
0.001084
0.001080
0.001076
0.001072
0.001068
0.001064
0.001060
0.001056
0.001052
0.001048
0.001044
0.001040
0.001036
0.001032
0.001028
0.001024
0.001020
0.001016
0.001012
0.001008
0.001004
0.001000
0.000996
0.000992
0.000988
0.000984
0.000980
0.000976
0.000972
0.000968
0.000964
0.000960
0.000956
0.000952
0.000948
0.000944
0.000940
0.000936
0.000932
0.000928
0.000924
0.000920
0.000916
0.000912
0.000908
0.000904
0.000900
0.000896
0.000892
0.000888
0.000884
0.000880
0.000876
0.000872
0.000868
0.000864
0.000860
0.000856
0.000852
0.000848
0.000844
0.000840
0.000836
0.000832
0.000828
0.000824
0.000820
0.000816
0.000812
0.000808
0.000804
0.000800
0.000796
0.000792
0.000788
0.000784
0.000780
0.000776
0.000772
0.000768
0.000764
0.000760
0.000756
0.000752
0.000748
0.000744
0.000740
0.000736
0.000732
0.000728
0.000724
0.000720
0.000716
0.000712
0.000708
0.000704
0.000700
0.000696
0.000692
0.000688
0.000684
0.000680
0.000676
0.000672
0.000668
0.000664
0.000660
0.000656
0.000652
0.000648
0.000644
0.000640
0.000636
0.000632
0.000628
0.000624
0.000620
0.000616
0.000612
0.000608
0.000604
0.000600
0.000596
0.000592
0.000588
0.000584
0.000580
0.000576
0.000572
0.000568
0.000564
0.000560
0.000556
0.000552
0.000548
0.000544
0.000540
0.000536
0.000532
0.000528
0.000524
0.000520
0.000516
0.000512
0.000508
0.000504
0.000500
0.000496
0.000492
0.000488
0.000484
0.000480
0.000476
0.000472
0.000468
0.000464
0.000460
0.000456
0.000452
0.000448
0.000444
0.000440
0.000436
0.000432
0.000428
0.000424
0.000420
0.000416
0.000412
0.000408
0.000404
0.000400
0.000396
0.000392
0.000388
0.000384
0.000380
0.000376
0.000372
0.000368
0.000364
0.000360
0.000356
0.000352
0.000348
0.000344
0.000340
0.000336
0.000332
0.000328
0.000324
0.000320
0.000316
0.000312
0.000308
0.000304
0.000300
0.000296
0.000292
0.000288
0.000284
0.000280
0.000276
0.000272
0.000268
0.000264
0.000260
0.000256
0.000252
0.000248
0.000244
0.000240
0.000236
0.000232
0.000228
0.000224
0.000220
0.000216
0.000212
0.000208
0.000204
0.000200
0.000196
0.000192
0.000188
0.000184
0.000180
0.000176
0.000172
0.000168
0.000164
0.000160
0.000156
0.000152
0.000148
0.000144
0.000140
0.000136
0.000132
0.000128
0.000124
0.000120
0.000116
0.000112
0.000108
0.000104
0.000100
0.000096
0.000092
0.000088
0.000084
0.000080
0.000076
0.000072
0.000068
0.000064
0.000060
0.000056
0.000052
0.000048
0.000044
0.000040
0.000036
0.000032
0.000028
0.000024
0.000020
0.000016
0.000012
0.000008
0.000004
0.000000
