 1.00000000000000E-001 2.09439510239320E+000 1
 1.00000000000000E-002 2.00455975498442E+000 3
 1.00000000000000E-003 2.00026916994839E+000 7
 1.00000000000000E-004 2.00026916994839E+000 7
 1.00000000000000E-005 2.00001659104794E+000 15
 1.00000000000000E-006 2.00000221762718E+000 27
 1.00000000000000E-007 2.00000103336941E+000 31
 1.00000000000000E-008 2.00000008314598E+000 59
 1.00000000000000E-009 2.00000000663727E+000 115
 1.00000000000000E-010 2.00000000403226E+000 127
 1.00000000000000E-011 2.00000000027021E+000 247
 1.00000000000000E-012 2.00000000002956E+000 455
 1.00000000000000E-013 2.00000000001582E+000 507
 1.00000000000000E-014 2.00000000000107E+000 987
 1.00000000000000E-015 2.00000000000012E+000 1807
 1.00000000000000E-016 2.00000000000006E+000 2023
 1.00000000000000E-017 2.00000000000000E+000 3943
