8 2.51273956147571E+000 5.12739561475710E-001
16 1.99598128705792E+000 4.01871294208056E-003
24 1.99833134351808E+000 1.66865648192327E-003
32 1.99923096691477E+000 7.69033085228799E-004
40 1.99958996060530E+000 4.10039394699302E-004
48 1.99975713331079E+000 2.42866689205590E-004
56 1.99984474097779E+000 1.55259022208476E-004
64 1.99989488832859E+000 1.05111671412805E-004
72 1.99992560047990E+000 7.43995201040182E-005
80 1.99994543749885E+000 5.45625011492135E-005
88 1.99995881160260E+000 4.11883974020810E-005
96 1.99996815205896E+000 3.18479410443828E-005
104 1.99997487071443E+000 2.51292855741880E-005
112 1.99997982599192E+000 2.01740080776336E-005
120 1.99998356015416E+000 1.64398458373238E-005
128 1.99998642715473E+000 1.35728452688166E-005
136 1.99998866468549E+000 1.13353145148043E-005
144 1.99999043638116E+000 9.56361884196788E-006
152 1.99999185738944E+000 8.14261056003574E-006
160 1.99999301033311E+000 6.98966688950087E-006
168 1.99999395554119E+000 6.04445880836302E-006
176 1.99999473775974E+000 5.26224025887423E-006
184 1.99999539065183E+000 4.60934817025915E-006
192 1.99999593987268E+000 4.06012732034888E-006
200 1.99999640520559E+000 3.59479440636967E-006
208 1.99999680207157E+000 3.19792842917721E-006
216 1.99999714261251E+000 2.85738749017384E-006
224 1.99999743647437E+000 2.56352563332563E-006
232 1.99999769138809E+000 2.30861191208298E-006
240 1.99999791359803E+000 2.08640197052468E-006
248 1.99999810818446E+000 1.89181553778006E-006
256 1.99999827930868E+000 1.72069132076125E-006
264 1.99999843040332E+000 1.56959668218271E-006
272 1.99999856431439E+000 1.43568560972973E-006
280 1.99999868341609E+000 1.31658390811751E-006
288 1.99999878970136E+000 1.21029864064148E-006
296 1.99999888484881E+000 1.11515119161076E-006
304 1.99999897027869E+000 1.02972130822110E-006
312 1.99999904720150E+000 9.52798498765617E-007
320 1.99999911664897E+000 8.83351029212776E-007
328 1.99999917950947E+000 8.20490535069496E-007
336 1.99999923654507E+000 7.63454933050412E-007
344 1.99999928841290E+000 7.11587100798994E-007
352 1.99999933568932E+000 6.64310684461711E-007
360 1.99999937886690E+000 6.21133100953131E-007
368 1.99999941838373E+000 5.81616273143126E-007
376 1.99999945461826E+000 5.45381735328476E-007
384 1.99999948790408E+000 5.12095922111655E-007
392 1.99999951853572E+000 4.81464284218802E-007
400 1.99999954677211E+000 4.53227894992026E-007
408 1.99999957284308E+000 4.27156924720507E-007
416 1.99999959695173E+000 4.03048268982076E-007
424 1.99999961928201E+000 3.80717988024415E-007
432 1.99999963999029E+000 3.60009707822684E-007
440 1.99999965922580E+000 3.40774198859251E-007
448 1.99999967711213E+000 3.22887873549505E-007
456 1.99999969377120E+000 3.06228804092257E-007
464 1.99999970930250E+000 2.90697499405468E-007
472 1.99999972380197E+000 2.76198033111186E-007
480 1.99999973734964E+000 2.62650356797067E-007
488 1.99999975002775E+000 2.49972254673381E-007
496 1.99999976190285E+000 2.38097146443295E-007
504 1.99999977304080E+000 2.26959198768029E-007
512 1.99999978349138E+000 2.16508623473999E-007
520 1.99999979331018E+000 2.06689821702355E-007
528 1.99999980254429E+000 1.97455708006444E-007
536 1.99999981123908E+000 1.88760922670284E-007
544 1.99999981942573E+000 1.80574272201639E-007
552 1.99999982714805E+000 1.72851948754271E-007
560 1.99999983443909E+000 1.65560911646878E-007
568 1.99999984132013E+000 1.58679867690026E-007
576 1.99999984783118E+000 1.52168820211074E-007
584 1.99999985398854E+000 1.46011461810147E-007
592 1.99999985981562E+000 1.40184381436370E-007
600 1.99999986533690E+000 1.34663102890897E-007
608 1.99999987057737E+000 1.29422626171660E-007
616 1.99999987554187E+000 1.24458130468241E-007
624 1.99999988025997E+000 1.19740027670900E-007
632 1.99999988474416E+000 1.15255843535778E-007
640 1.99999988900634E+000 1.10993661373016E-007
648 1.99999989305992E+000 1.06940081900930E-007
656 1.99999989691709E+000 1.03082911762087E-007
664 1.99999990059096E+000 9.94090352257615E-008
