8 2.04559876473755E+000 4.55987647375489E-002
16 2.00603885488994E+000 6.03885488993727E-003
24 2.00173837825377E+000 1.73837825377099E-003
32 2.00071933307716E+000 7.19333077156215E-004
40 2.00036358707270E+000 3.63587072704785E-004
48 2.00020851207129E+000 2.08512071290024E-004
56 2.00013043295929E+000 1.30432959294602E-004
64 2.00008693307759E+000 8.69330775947752E-005
72 2.00006080900569E+000 6.08090056899435E-005
80 2.00004418457413E+000 4.41845741305791E-005
88 2.00003310669739E+000 3.31066973888738E-005
96 2.00002544263487E+000 2.54426348673675E-005
104 2.00001997259396E+000 1.99725939573625E-005
112 2.00001596450862E+000 1.59645086159621E-005
120 2.00001296089200E+000 1.29608920045321E-005
128 2.00001066582632E+000 1.06658263208104E-005
136 2.00000888212886E+000 8.88212885508111E-006
144 2.00000747496136E+000 7.47496135655723E-006
152 2.00000634999435E+000 6.34999435344952E-006
160 2.00000543989182E+000 5.43989181656102E-006
168 2.00000469571279E+000 4.69571279415604E-006
176 2.00000408130604E+000 4.08130603535284E-006
184 2.00000356957457E+000 3.56957456526530E-006
192 2.00000313993679E+000 3.13993678657809E-006
200 2.00000277656971E+000 2.77656971370277E-006
208 2.00000246717337E+000 2.46717336871427E-006
216 2.00000220208851E+000 2.20208850931769E-006
224 2.00000197365827E+000 1.97365826659635E-006
232 2.00000177576011E+000 1.77576011006764E-006
240 2.00000160345880E+000 1.60345879551826E-006
248 2.00000145274619E+000 1.45274619445246E-006
256 2.00000132034438E+000 1.32034438049544E-006
264 2.00000120355489E+000 1.20355489219293E-006
272 2.00000110014283E+000 1.10014283061233E-006
280 2.00000100824640E+000 1.00824640147934E-006
288 2.00000092630629E+000 9.26306291226809E-007
296 2.00000085300989E+000 8.53009892054502E-007
304 2.00000078724688E+000 7.87246876132741E-007
312 2.00000072807372E+000 7.28073716427247E-007
320 2.00000067468525E+000 6.74685247226137E-007
328 2.00000062639155E+000 6.26391552405181E-007
336 2.00000058259910E+000 5.82599104959059E-007
344 2.00000054279550E+000 5.42795495661608E-007
352 2.00000050653665E+000 5.06536649957923E-007
360 2.00000047343671E+000 4.73436708503527E-007
368 2.00000044315890E+000 4.43158900242935E-007
376 2.00000041540886E+000 4.15408860643396E-007
384 2.00000038992811E+000 3.89928105803961E-007
392 2.00000036648946E+000 3.66489458780706E-007
400 2.00000034489230E+000 3.44892296944011E-007
408 2.00000032495926E+000 3.24959263942049E-007
416 2.00000030653315E+000 3.06533154859068E-007
424 2.00000028947418E+000 2.89474184178573E-007
432 2.00000027365789E+000 2.73657890126344E-007
440 2.00000025897315E+000 2.58973151812114E-007
448 2.00000024532056E+000 2.45320561198525E-007
456 2.00000023261096E+000 2.32610960715363E-007
464 2.00000022076438E+000 2.20764377445448E-007
472 2.00000020970874E+000 2.09708742371362E-007
480 2.00000019937921E+000 1.99379214915751E-007
488 2.00000018971704E+000 1.89717043408422E-007
496 2.00000018066924E+000 1.80669244009835E-007
504 2.00000017218777E+000 1.72187767155663E-007
512 2.00000016422895E+000 1.64228946886169E-007
520 2.00000015675319E+000 1.56753191316028E-007
528 2.00000014972433E+000 1.49724331599543E-007
536 2.00000014310949E+000 1.43109490924331E-007
544 2.00000013687864E+000 1.36878636425308E-007
552 2.00000013100440E+000 1.31004398440382E-007
560 2.00000012546144E+000 1.25461444344666E-007
568 2.00000012022686E+000 1.20226857802663E-007
576 2.00000011527944E+000 1.15279439327765E-007
584 2.00000011059986E+000 1.10599861713467E-007
592 2.00000010617013E+000 1.06170133573613E-007
600 2.00000010197385E+000 1.01973848476433E-007
608 2.00000009799584E+000 9.79958363345190E-008
