8 1.83649896759220E+000 1.63501032407802E-001
16 1.96365388306550E+000 3.63461169344976E-002
24 1.98449009198953E+000 1.55099080104710E-002
32 1.99145297057424E+000 8.54702942575725E-003
40 1.99459715009820E+000 5.40284990179618E-003
48 1.99627890705085E+000 3.72109294915024E-003
56 1.99728225373720E+000 2.71774626280497E-003
64 1.99792844245176E+000 2.07155754824329E-003
72 1.99836885991228E+000 1.63114008772136E-003
80 1.99868242595515E+000 1.31757404485100E-003
88 1.99891355843111E+000 1.08644156889337E-003
96 1.99908880873886E+000 9.11191261137035E-004
104 1.99922483969332E+000 7.75160306682343E-004
112 1.99933253681576E+000 6.67463184239159E-004
120 1.99941925533719E+000 5.80744662814103E-004
128 1.99949010998268E+000 5.09890017320158E-004
136 1.99954874670344E+000 4.51253296564813E-004
144 1.99959782119909E+000 4.02178800912756E-004
152 1.99963930496340E+000 3.60695036595971E-004
160 1.99967468640765E+000 3.25313592350218E-004
168 1.99970510624401E+000 2.94893755987680E-004
176 1.99973145058730E+000 2.68549412696828E-004
184 1.99975441621932E+000 2.45583780679182E-004
192 1.99977455713731E+000 2.25442862694214E-004
200 1.99979231827824E+000 2.07681721760444E-004
208 1.99980806030336E+000 1.91939696644106E-004
216 1.99982207805197E+000 1.77921948029125E-004
224 1.99983461444764E+000 1.65385552359787E-004
232 1.99984587109356E+000 1.54128906441509E-004
240 1.99985601642839E+000 1.43983571606832E-004
248 1.99986519206400E+000 1.34807935998182E-004
256 1.99987351775396E+000 1.26482246044723E-004
264 1.99988109532056E+000 1.18904679439646E-004
272 1.99988801178298E+000 1.11988217018189E-004
280 1.99989434186653E+000 1.05658133472852E-004
288 1.99990015002949E+000 9.98499705096023E-005
296 1.99990549211060E+000 9.45078894034612E-005
304 1.99991041667601E+000 8.95833239917821E-005
312 1.99991496612701E+000 8.50338729903033E-005
320 1.99991917761585E+000 8.08223841521905E-005
328 1.99992308380659E+000 7.69161934133234E-005
336 1.99992671351033E+000 7.32864896682006E-005
344 1.99993009221807E+000 6.99077819312777E-005
352 1.99993324254931E+000 6.67574506867386E-005
360 1.99993618463192E+000 6.38153680787568E-005
368 1.99993893642401E+000 6.10635759945577E-005
376 1.99994151398904E+000 5.84860109631436E-005
384 1.99994393173041E+000 5.60682695942560E-005
392 1.99994620259346E+000 5.37974065377700E-005
400 1.99994833823878E+000 5.16617612174031E-005
408 1.99995034919240E+000 4.96508076022195E-005
416 1.99995224497571E+000 4.77550242949931E-005
424 1.99995403421829E+000 4.59657817122317E-005
432 1.99995572475641E+000 4.42752435898530E-005
440 1.99995732371887E+000 4.26762811285286E-005
448 1.99995883760233E+000 4.11623976690478E-005
456 1.99996027233735E+000 3.97276626518117E-005
464 1.99996163334667E+000 3.83666533272376E-005
472 1.99996292559640E+000 3.70744036033433E-005
480 1.99996415364151E+000 3.58463584904101E-005
488 1.99996532166582E+000 3.46783341820256E-005
496 1.99996643351793E+000 3.35664820665382E-005
504 1.99996749274285E+000 3.25072571512042E-005
512 1.99996850261020E+000 3.14973898010162E-005
520 1.99996946613967E+000 3.05338603350247E-005
528 1.99997038612339E+000 2.96138766113785E-005
536 1.99997126514641E+000 2.87348535945586E-005
544 1.99997210560472E+000 2.78943952771726E-005
552 1.99997290972174E+000 2.70902782570914E-005
560 1.99997367956272E+000 2.63204372850101E-005
568 1.99997441704845E+000 2.55829515491968E-005
576 1.99997512396695E+000 2.48760330479048E-005
584 1.99997580198451E+000 2.41980154862542E-005
592 1.99997645265525E+000 2.35473447507406E-005
600 1.99997707743033E+000 2.29225696743995E-005
608 1.99997767766588E+000 2.23223341206946E-005
616 1.99997825463037E+000 2.17453696345071E-005
624 1.99997880951141E+000 2.11904885893954E-005
632 1.99997934342181E+000 2.06565781872836E-005
640 1.99997985740512E+000 2.01425948842537E-005
648 1.99998035244078E+000 1.96475592213474E-005
656 1.99998082944879E+000 1.91705512058160E-005
664 1.99998128929402E+000 1.87107059834712E-005
672 1.99998173279000E+000 1.82672099955372E-005
680 1.99998216070275E+000 1.78392972527419E-005
688 1.99998257375383E+000 1.74262461749564E-005
696 1.99998297262359E+000 1.70273764128481E-005
704 1.99998335795389E+000 1.66420461136241E-005
712 1.99998373035057E+000 1.62696494292458E-005
720 1.99998409038608E+000 1.59096139220605E-005
728 1.99998443860154E+000 1.55613984584857E-005
736 1.99998477550870E+000 1.52244912978716E-005
744 1.99998510159204E+000 1.48984079590964E-005
752 1.99998541731019E+000 1.45826898085844E-005
760 1.99998572309795E+000 1.42769020545774E-005
768 1.99998601936738E+000 1.39806326162617E-005
776 1.99998630650940E+000 1.36934905963226E-005
784 1.99998658489531E+000 1.34151046886633E-005
792 1.99998685487738E+000 1.31451226217383E-005
800 1.99998711679055E+000 1.28832094470344E-005
808 1.99998737095314E+000 1.26290468642765E-005
816 1.99998761766803E+000 1.23823319662098E-005
824 1.99998785722341E+000 1.21427765862325E-005
832 1.99998808989352E+000 1.19101064826044E-005
840 1.99998831593982E+000 1.16840601840362E-005
848 1.99998853561129E+000 1.14643887059174E-005
856 1.99998874914555E+000 1.12508544478640E-005
864 1.99998895676889E+000 1.10432311066777E-005
872 1.99998915869771E+000 1.08413022890108E-005
880 1.99998935513823E+000 1.06448617687160E-005
888 1.99998954628749E+000 1.04537125054094E-005
896 1.99998973233399E+000 1.02676660140855E-005
904 1.99998991345772E+000 1.00865422767438E-005
912 1.99999008983073E+000 9.91016926987776E-006
920 1.99999026161776E+000 9.73838223994328E-006
928 1.99999042897652E+000 9.57102347887151E-006
936 1.99999059205777E+000 9.40794222548114E-006
944 1.99999075100624E+000 9.24899375909227E-006
952 1.99999090596024E+000 9.09403975923873E-006
960 1.99999105705255E+000 8.94294744679947E-006
968 1.99999120441041E+000 8.79558958843951E-006
976 1.99999134815595E+000 8.65184405518527E-006
984 1.99999148840622E+000 8.51159377668331E-006
992 1.99999162527366E+000 8.37472634240832E-006
1000 1.99999175886618E+000 8.24113381736602E-006
1008 1.99999188928748E+000 8.11071252315721E-006
1016 1.99999201663709E+000 7.98336290674939E-006
1024 1.99999214101070E+000 7.85898930377727E-006
1032 1.99999226250032E+000 7.73749968296933E-006
1040 1.99999238119453E+000 7.61880547028859E-006
1048 1.99999249717826E+000 7.50282173522798E-006
1056 1.99999261053362E+000 7.38946638190186E-006
1064 1.99999272133924E+000 7.27866075966866E-006
1072 1.99999282967123E+000 7.17032877051160E-006
1080 1.99999293560241E+000 7.06439758535460E-006
1088 1.99999303920340E+000 6.96079659712190E-006
1096 1.99999314054205E+000 6.85945794764997E-006
1104 1.99999323968370E+000 6.76031630164609E-006
1112 1.99999333669131E+000 6.66330868970278E-006
1120 1.99999343162589E+000 6.56837410928368E-006
1128 1.99999352454592E+000 6.47545407805872E-006
1136 1.99999361550802E+000 6.38449198331337E-006
1144 1.99999370456685E+000 6.29543314656367E-006
1152 1.99999379177528E+000 6.20822471630866E-006
1160 1.99999387718393E+000 6.12281606815479E-006
1168 1.99999396084219E+000 6.03915780916786E-006
1176 1.99999404279745E+000 5.95720255458510E-006
1184 1.99999412309579E+000 5.87690421216536E-006
1192 1.99999420178140E+000 5.79821859880703E-006
1200 1.99999427889726E+000 5.72110273999726E-006
1208 1.99999435448486E+000 5.64551513804190E-006
1216 1.99999442858429E+000 5.57141571455588E-006
1224 1.99999450123434E+000 5.49876566080521E-006
1232 1.99999457247261E+000 5.42752738841301E-006
1240 1.99999464233538E+000 5.35766462306242E-006
1248 1.99999471085788E+000 5.28914212249987E-006
1256 1.99999477807420E+000 5.22192580043601E-006
1264 1.99999484401738E+000 5.15598262462724E-006
1272 1.99999490871918E+000 5.09128081849220E-006
1280 1.99999497221065E+000 5.02778935107529E-006
1288 1.99999503452193E+000 4.96547807116166E-006
1296 1.99999509568197E+000 4.90431803235048E-006
1304 1.99999515571885E+000 4.84428115243851E-006
1312 1.99999521466008E+000 4.78533992520625E-006
1320 1.99999527253216E+000 4.72746784230260E-006
1328 1.99999532936068E+000 4.67063932396705E-006
1336 1.99999538517059E+000 4.61482941305214E-006
1344 1.99999543998618E+000 4.56001382254101E-006
1352 1.99999549383086E+000 4.50616914271507E-006
1360 1.99999554672736E+000 4.45327263776108E-006
1368 1.99999559869797E+000 4.40130203416267E-006
1376 1.99999564976412E+000 4.35023587930239E-006
1384 1.99999569994665E+000 4.30005335094741E-006
1392 1.99999574926583E+000 4.25073417154032E-006
1400 1.99999579774126E+000 4.20225874209201E-006
1408 1.99999584539232E+000 4.15460767899667E-006
1416 1.99999589223736E+000 4.10776263559676E-006
1424 1.99999593829460E+000 4.06170540312445E-006
1432 1.99999598358157E+000 4.01641843406075E-006
1440 1.99999602811518E+000 3.97188481771060E-006
1448 1.99999607191237E+000 3.92808763116648E-006
1456 1.99999611498906E+000 3.88501094517046E-006
1464 1.99999615736100E+000 3.84263899744219E-006
1472 1.99999619904348E+000 3.80095651553170E-006
1480 1.99999624005145E+000 3.75994854562301E-006
1488 1.99999628039942E+000 3.71960058398457E-006
1496 1.99999632010129E+000 3.67989871441488E-006
1504 1.99999635917089E+000 3.64082911197272E-006
1512 1.99999639762156E+000 3.60237843910483E-006
1520 1.99999643546647E+000 3.56453352612363E-006
1528 1.99999647271792E+000 3.52728208419251E-006
1536 1.99999650938855E+000 3.49061144855334E-006
1544 1.99999654549039E+000 3.45450961081184E-006
1552 1.99999658103482E+000 3.41896518119000E-006
1560 1.99999661603364E+000 3.38396635757299E-006
1568 1.99999665049777E+000 3.34950223135344E-006
1576 1.99999668443799E+000 3.31556200694472E-006
1584 1.99999671786491E+000 3.28213509170894E-006
1592 1.99999675078899E+000 3.24921101135800E-006
1600 1.99999678322002E+000 3.21677997661141E-006
1608 1.99999681516794E+000 3.18483206207532E-006
1616 1.99999684664242E+000 3.15335758194202E-006
1624 1.99999687765243E+000 3.12234756649765E-006
1632 1.99999690820729E+000 3.09179270541193E-006
1640 1.99999693831589E+000 3.06168410646457E-006
1648 1.99999696798680E+000 3.03201319895585E-006
1656 1.99999699722838E+000 3.00277162224028E-006
1664 1.99999702604907E+000 2.97395092574426E-006
1672 1.99999705445675E+000 2.94554324908880E-006
1680 1.99999708245933E+000 2.91754066683581E-006
1688 1.99999711006456E+000 2.88993544117489E-006
1696 1.99999713727985E+000 2.86272015181943E-006
1704 1.99999716411236E+000 2.83588763783094E-006
1712 1.99999719056945E+000 2.80943054931093E-006
1720 1.99999721665807E+000 2.78334193115626E-006
1728 1.99999724238497E+000 2.75761503298888E-006
1736 1.99999726775687E+000 2.73224312974385E-006
1744 1.99999729278012E+000 2.70721988315792E-006
1752 1.99999731746107E+000 2.68253893143111E-006
1760 1.99999734180625E+000 2.65819374667409E-006
1768 1.99999736582140E+000 2.63417860479898E-006
1776 1.99999738951249E+000 2.61048750527237E-006
1784 1.99999741288550E+000 2.58711449929727E-006
1792 1.99999743594602E+000 2.56405397647264E-006
1800 1.99999745869956E+000 2.54130043653156E-006
1808 1.99999748115163E+000 2.51884836921512E-006
1816 1.99999750330748E+000 2.49669252494478E-006
1824 1.99999752517210E+000 2.47482789661468E-006
1832 1.99999754675102E+000 2.45324898440202E-006
1840 1.99999756804875E+000 2.43195124594031E-006
1848 1.99999758907034E+000 2.41092965680423E-006
1856 1.99999760982062E+000 2.39017938352681E-006
1864 1.99999763030406E+000 2.36969593969683E-006
1872 1.99999765052534E+000 2.34947466259960E-006
1880 1.99999767048896E+000 2.32951103940060E-006
1888 1.99999769019922E+000 2.30980078463894E-006
1896 1.99999770966017E+000 2.29033983156768E-006
1904 1.99999772887647E+000 2.27112353012871E-006
1912 1.99999774785181E+000 2.25214819482567E-006
1920 1.99999776659035E+000 2.23340964677909E-006
1928 1.99999778509585E+000 2.21490415341918E-006
1936 1.99999780337253E+000 2.19662746836491E-006
1944 1.99999782142388E+000 2.17857611661820E-006
1952 1.99999783925350E+000 2.16074650327691E-006
1960 1.99999785686525E+000 2.14313475144223E-006
1968 1.99999787426255E+000 2.12573744806655E-006
1976 1.99999789144873E+000 2.10855126758780E-006
1984 1.99999790842741E+000 2.09157259445369E-006
1992 1.99999792520198E+000 2.07479801694888E-006
2000 1.99999794177538E+000 2.05822462473471E-006
2008 1.99999795815107E+000 2.04184893459747E-006
2016 1.99999797433212E+000 2.02566787765868E-006
2024 1.99999799032137E+000 2.00967862795665E-006
2032 1.99999800612224E+000 1.99387775623450E-006
2040 1.99999802173752E+000 1.97826248471422E-006
2048 1.99999803717002E+000 1.96282997699804E-006
2056 1.99999805242270E+000 1.94757729943262E-006
2064 1.99999806749822E+000 1.93250177993320E-006
2072 1.99999808239938E+000 1.91760061807322E-006
2080 1.99999809712886E+000 1.90287113865928E-006
2088 1.99999811168921E+000 1.88831079483975E-006
2096 1.99999812608317E+000 1.87391682815452E-006
2104 1.99999814031316E+000 1.85968683563686E-006
2112 1.99999815438167E+000 1.84561833038721E-006
2120 1.99999816829101E+000 1.83170899270557E-006
2128 1.99999818204389E+000 1.81795611120528E-006
2136 1.99999819564240E+000 1.80435760088749E-006
2144 1.99999820908889E+000 1.79091110585894E-006
2152 1.99999822238565E+000 1.77761434971835E-006
2160 1.99999823553477E+000 1.76446522903717E-006
2168 1.99999824853866E+000 1.75146134218096E-006
2176 1.99999826139921E+000 1.73860079510924E-006
2184 1.99999827411870E+000 1.72588130187279E-006
2192 1.99999828669911E+000 1.71330089293598E-006
2200 1.99999829914260E+000 1.70085739692460E-006
2208 1.99999831145083E+000 1.68854917137473E-006
2216 1.99999832362604E+000 1.67637396075726E-006
2224 1.99999833566982E+000 1.66433018500278E-006
2232 1.99999834758458E+000 1.65241542227079E-006
2240 1.99999835937175E+000 1.64062825369626E-006
2248 1.99999837103323E+000 1.62896677391444E-006
2256 1.99999838257076E+000 1.61742924387198E-006
2264 1.99999839398617E+000 1.60601383281112E-006
2272 1.99999840528117E+000 1.59471883010021E-006
2280 1.99999841645747E+000 1.58354252666193E-006
2288 1.99999842751654E+000 1.57248345966643E-006
2296 1.99999843846030E+000 1.56153970110040E-006
2304 1.99999844929033E+000 1.55070966934012E-006
2312 1.99999846000793E+000 1.53999207319622E-006
2320 1.99999847061478E+000 1.52938521669199E-006
2328 1.99999848111248E+000 1.51888751687146E-006
2336 1.99999849150241E+000 1.50849759195104E-006
2344 1.99999850178608E+000 1.49821392270155E-006
2352 1.99999851196503E+000 1.48803497190819E-006
2360 1.99999852204062E+000 1.47795937688322E-006
2368 1.99999853201410E+000 1.46798590150432E-006
2376 1.99999854188703E+000 1.45811296548004E-006
2384 1.99999855166071E+000 1.44833929094368E-006
2392 1.99999856133648E+000 1.43866351565158E-006
2400 1.99999857091543E+000 1.42908456646218E-006
2408 1.99999858039924E+000 1.41960075983327E-006
2416 1.99999858978875E+000 1.41021124711038E-006
2424 1.99999859908556E+000 1.40091444467139E-006
2432 1.99999860829079E+000 1.39170920854248E-006
2440 1.99999861740566E+000 1.38259434145915E-006
2448 1.99999862643099E+000 1.37356901230845E-006
2456 1.99999863536850E+000 1.36463149846833E-006
2464 1.99999864421887E+000 1.35578113336088E-006
2472 1.99999865298360E+000 1.34701640130963E-006
2480 1.99999866166339E+000 1.33833660864724E-006
2488 1.99999867025965E+000 1.32974034694477E-006
2496 1.99999867877341E+000 1.32122658857980E-006
2504 1.99999868720572E+000 1.31279428283726E-006
2512 1.99999869555744E+000 1.30444256085660E-006
2520 1.99999870382964E+000 1.29617035571350E-006
2528 1.99999871202350E+000 1.28797649612267E-006
2536 1.99999872014002E+000 1.27985997822044E-006
2544 1.99999872817982E+000 1.27182017917171E-006
2552 1.99999873614440E+000 1.26385559906517E-006
2560 1.99999874403410E+000 1.25596589772847E-006
2568 1.99999875185037E+000 1.24814962831898E-006
2576 1.99999875959388E+000 1.24040612181631E-006
2584 1.99999876726545E+000 1.23273455332473E-006
2592 1.99999877486607E+000 1.22513392653012E-006
2600 1.99999878239658E+000 1.21760341631472E-006
2608 1.99999878985799E+000 1.21014200815672E-006
2616 1.99999879725093E+000 1.20274907211559E-006
2624 1.99999880457631E+000 1.19542368559600E-006
2632 1.99999881183501E+000 1.18816498573260E-006
2640 1.99999881902792E+000 1.18097208257062E-006
2648 1.99999882615562E+000 1.17384437636758E-006
2656 1.99999883321893E+000 1.16678107442425E-006
2664 1.99999884021880E+000 1.15978119841209E-006
2672 1.99999884715574E+000 1.15284425761253E-006
2680 1.99999885403063E+000 1.14596937206279E-006
2688 1.99999886084431E+000 1.13915568977774E-006
2696 1.99999886759725E+000 1.13240275090298E-006
2704 1.99999887429042E+000 1.12570957622182E-006
2712 1.99999888092447E+000 1.11907552535762E-006
2720 1.99999888750004E+000 1.11249995882190E-006
2728 1.99999889401766E+000 1.10598234059900E-006
2736 1.99999890047846E+000 1.09952154314641E-006
2744 1.99999890688253E+000 1.09311746787633E-006
2752 1.99999891323088E+000 1.08676912513594E-006
2760 1.99999891952431E+000 1.08047568603276E-006
2768 1.99999892576304E+000 1.07423696182885E-006
2776 1.99999893194778E+000 1.06805222443995E-006
2784 1.99999893807958E+000 1.06192041648967E-006
2792 1.99999894415833E+000 1.05584167209294E-006
2800 1.99999895018534E+000 1.04981466475529E-006
2808 1.99999895616085E+000 1.04383915000561E-006
2816 1.99999896208546E+000 1.03791453764934E-006
2824 1.99999896795977E+000 1.03204023038650E-006
2832 1.99999897378412E+000 1.02621588360385E-006
2840 1.99999897955954E+000 1.02044045546812E-006
2848 1.99999898528632E+000 1.01471367686123E-006
2856 1.99999899096491E+000 1.00903509259176E-006
2864 1.99999899659626E+000 1.00340373854202E-006
2872 1.99999900218037E+000 9.97819628700825E-007
2880 1.99999900771791E+000 9.92282094935959E-007
2888 1.99999901320959E+000 9.86790412049743E-007
2896 1.99999901865605E+000 9.81343954542524E-007
2904 1.99999902405718E+000 9.75942824110732E-007
2912 1.99999902941411E+000 9.70585895210263E-007
2920 1.99999903472670E+000 9.65273300623793E-007
2928 1.99999903999609E+000 9.60003912586771E-007
2936 1.99999904522229E+000 9.54777712891542E-007
2944 1.99999905040626E+000 9.49593742083366E-007
2952 1.99999905554766E+000 9.44452342110935E-007
2960 1.99999906064765E+000 9.39352347240075E-007
2968 1.99999906570649E+000 9.34293507670603E-007
2976 1.99999907072443E+000 9.29275574046429E-007
2984 1.99999907570210E+000 9.24297902882288E-007
2992 1.99999908064007E+000 9.19359934181685E-007
3000 1.99999908553846E+000 9.14461542711465E-007
3008 1.99999909039749E+000 9.09602507315199E-007
3016 1.99999909521825E+000 9.04781747523842E-007
3024 1.99999910000088E+000 8.99999117898176E-007
3032 1.99999910474532E+000 8.95254682165003E-007
3040 1.99999910945265E+000 8.90547347642823E-007
3048 1.99999911412273E+000 8.85877273537617E-007
3056 1.99999911875632E+000 8.81243677142152E-007
3064 1.99999912335358E+000 8.76646415681748E-007
3072 1.99999912791507E+000 8.72084934933071E-007
3080 1.99999913244087E+000 8.67559129646978E-007
3088 1.99999913693172E+000 8.63068281731216E-007
3096 1.99999914138767E+000 8.58612331455788E-007
3104 1.99999914580918E+000 8.54190820964718E-007
3112 1.99999915019664E+000 8.49803355462697E-007
3120 1.99999915455033E+000 8.45449665609621E-007
3128 1.99999915887080E+000 8.41129197626245E-007
3136 1.99999916315831E+000 8.36841692164470E-007
3144 1.99999916741293E+000 8.32587070176416E-007
3152 1.99999917163517E+000 8.28364825400385E-007
3160 1.99999917582542E+000 8.24174579250325E-007
3168 1.99999917998405E+000 8.20015950475650E-007
3176 1.99999918411112E+000 8.15888880678628E-007
3184 1.99999918820724E+000 8.11792757460239E-007
3192 1.99999919227246E+000 8.07727541962677E-007
3200 1.99999919630750E+000 8.03692502993059E-007
3208 1.99999920031218E+000 7.99687820629558E-007
3216 1.99999920428683E+000 7.95713166246159E-007
3224 1.99999920823217E+000 7.91767825303325E-007
3232 1.99999921214838E+000 7.87851623718083E-007
3240 1.99999921603519E+000 7.83964809514259E-007
3248 1.99999921989349E+000 7.80106510722689E-007
3256 1.99999922372329E+000 7.76276714242741E-007
3264 1.99999922752515E+000 7.72474848753646E-007
3272 1.99999923129912E+000 7.68700882725071E-007
3280 1.99999923504547E+000 7.64954528831297E-007
3288 1.99999923876441E+000 7.61235594781695E-007
3296 1.99999924245647E+000 7.57543529017468E-007
3304 1.99999924612159E+000 7.53878409476272E-007
3312 1.99999924976028E+000 7.50239722124846E-007
3320 1.99999925337250E+000 7.46627501158059E-007
3328 1.99999925695893E+000 7.43041074224848E-007
3336 1.99999926051948E+000 7.39480523037628E-007
3344 1.99999926405444E+000 7.35945559604545E-007
3352 1.99999926756414E+000 7.32435858852299E-007
3360 1.99999927104866E+000 7.28951340178696E-007
3368 1.99999927450879E+000 7.25491213104945E-007
3376 1.99999927794409E+000 7.22055913726649E-007
3384 1.99999928135496E+000 7.18645037700583E-007
3392 1.99999928474162E+000 7.15258378747308E-007
3400 1.99999928810474E+000 7.11895264515761E-007
3408 1.99999929144412E+000 7.08555882633633E-007
3416 1.99999929475988E+000 7.05240118081818E-007
3424 1.99999929805245E+000 7.01947555192817E-007
3432 1.99999930132192E+000 6.98678084942728E-007
3440 1.99999930456902E+000 6.95430979469336E-007
3448 1.99999930779317E+000 6.92206828745157E-007
3456 1.99999931099510E+000 6.89004898468682E-007
3464 1.99999931417485E+000 6.85825154222997E-007
3472 1.99999931733253E+000 6.82667474549703E-007
3480 1.99999932046853E+000 6.79531468206207E-007
3488 1.99999932358285E+000 6.76417146516784E-007
3496 1.99999932667606E+000 6.73323939714976E-007
3504 1.99999932974794E+000 6.70252059409293E-007
3512 1.99999933279902E+000 6.67200979798111E-007
3520 1.99999933582888E+000 6.64171118769375E-007
3528 1.99999933883858E+000 6.61161425163925E-007
3536 1.99999934182770E+000 6.58172297329784E-007
3544 1.99999934479662E+000 6.55203384214431E-007
3552 1.99999934774544E+000 6.52254556365861E-007
3560 1.99999935067451E+000 6.49325486490327E-007
3568 1.99999935358394E+000 6.46416060234856E-007
3576 1.99999935647372E+000 6.43526280930118E-007
3584 1.99999935934414E+000 6.40655864359019E-007
3592 1.99999936219532E+000 6.37804684622268E-007
3600 1.99999936502784E+000 6.34972163959802E-007
3608 1.99999936784121E+000 6.32158788205217E-007
3616 1.99999937063608E+000 6.29363915871650E-007
3624 1.99999937341233E+000 6.26587671526124E-007
3632 1.99999937617056E+000 6.23829441437351E-007
3640 1.99999937891038E+000 6.21089623065174E-007
3648 1.99999938163219E+000 6.18367814730903E-007
3656 1.99999938433606E+000 6.15663943825950E-007
3664 1.99999938702232E+000 6.12977675729098E-007
3672 1.99999938969125E+000 6.10308753090649E-007
3680 1.99999939234244E+000 6.07657563600483E-007
3688 1.99999939497661E+000 6.05023389610437E-007
3696 1.99999939759370E+000 6.02406299066161E-007
3704 1.99999940019374E+000 5.99806262213676E-007
3712 1.99999940277690E+000 5.97223096754362E-007
3720 1.99999940534349E+000 5.94656513586145E-007
3728 1.99999940789363E+000 5.92106371932744E-007
3736 1.99999941042749E+000 5.89572512366132E-007
3744 1.99999941294489E+000 5.87055107637014E-007
3752 1.99999941544631E+000 5.84553693450118E-007
3760 1.99999941793171E+000 5.82068292453997E-007
3768 1.99999942040139E+000 5.79598609107279E-007
3776 1.99999942285551E+000 5.77144486868520E-007
3784 1.99999942529389E+000 5.74706106704071E-007
3792 1.99999942771689E+000 5.72283109567806E-007
3800 1.99999943012462E+000 5.69875378886309E-007
3808 1.99999943251739E+000 5.67482610014381E-007
3816 1.99999943489463E+000 5.65105368499630E-007
3824 1.99999943725734E+000 5.62742660470406E-007
3832 1.99999943960520E+000 5.60394801452091E-007
3840 1.99999944193815E+000 5.58061848954239E-007
3848 1.99999944425684E+000 5.55743159269540E-007
3856 1.99999944656097E+000 5.53439027051184E-007
3864 1.99999944885089E+000 5.51149109684346E-007
3872 1.99999945112678E+000 5.48873221539736E-007
3880 1.99999945338837E+000 5.46611630625193E-007
3888 1.99999945563601E+000 5.44363992993624E-007
3896 1.99999945786976E+000 5.42130236036442E-007
3904 1.99999946009014E+000 5.39909855268306E-007
3912 1.99999946229646E+000 5.37703541914070E-007
3920 1.99999946448961E+000 5.35510394472638E-007
3928 1.99999946666927E+000 5.33330730689841E-007
3936 1.99999946883567E+000 5.31164331851741E-007
3944 1.99999947098873E+000 5.29011267680346E-007
3952 1.99999947312893E+000 5.26871070993806E-007
3960 1.99999947525616E+000 5.24743844820819E-007
3968 1.99999947737047E+000 5.22629526100715E-007
3976 1.99999947947203E+000 5.20527970948592E-007
3984 1.99999948156064E+000 5.18439365215784E-007
3992 1.99999948363730E+000 5.16362703040230E-007
4000 1.99999948570121E+000 5.14298792886336E-007
4008 1.99999948775265E+000 5.12247353867679E-007
4016 1.99999948979208E+000 5.10207919690586E-007
4024 1.99999949181917E+000 5.08180833413974E-007
4032 1.99999949383416E+000 5.06165838132233E-007
4040 1.99999949583737E+000 5.04162631642657E-007
4048 1.99999949782864E+000 5.02171356941972E-007
4056 1.99999949980791E+000 5.00192086194673E-007
4064 1.99999950177567E+000 4.98224326017649E-007
4072 1.99999950373199E+000 4.96268010463652E-007
4080 1.99999950567651E+000 4.94323488808846E-007
4088 1.99999950761002E+000 4.92389976125551E-007
4096 1.99999950953196E+000 4.90468043734538E-007
4104 1.99999951144264E+000 4.88557356570496E-007
4112 1.99999951334232E+000 4.86657676157520E-007
4120 1.99999951523094E+000 4.84769059339030E-007
4128 1.99999951710849E+000 4.82891510777961E-007
4136 1.99999951897512E+000 4.81024883924874E-007
4144 1.99999952083098E+000 4.79169020684012E-007
4152 1.99999952267618E+000 4.77323818470765E-007
4160 1.99999952451079E+000 4.75489206452906E-007
4168 1.99999952633493E+000 4.73665067390883E-007
4176 1.99999952814829E+000 4.71851710370785E-007
4184 1.99999952995135E+000 4.70048645562216E-007
4192 1.99999953174414E+000 4.68255856533872E-007
4200 1.99999953352677E+000 4.66473228932785E-007
4208 1.99999953529930E+000 4.64700699476239E-007
4216 1.99999953706134E+000 4.62938664513857E-007
4224 1.99999953881391E+000 4.61186088207555E-007
4232 1.99999954055635E+000 4.59443646905200E-007
4240 1.99999954228856E+000 4.57711441415043E-007
4248 1.99999954401128E+000 4.55988720782230E-007
4256 1.99999954572449E+000 4.54275506323043E-007
4264 1.99999954742780E+000 4.52572197273682E-007
4272 1.99999954912184E+000 4.50878159030666E-007
4280 1.99999955080601E+000 4.49193993778963E-007
4288 1.99999955248109E+000 4.47518911039779E-007
4296 1.99999955414644E+000 4.45853556518827E-007
4304 1.99999955580283E+000 4.44197168603111E-007
4312 1.99999955744981E+000 4.42550186718904E-007
4320 1.99999955908774E+000 4.40912261367998E-007
4328 1.99999956071671E+000 4.39283289077608E-007
4336 1.99999956233673E+000 4.37663271180000E-007
4344 1.99999956394755E+000 4.36052453700597E-007
4352 1.99999956554940E+000 4.34450601938252E-007
4360 1.99999956714248E+000 4.32857515830776E-007
4368 1.99999956872714E+000 4.31272860312859E-007
4376 1.99999957030305E+000 4.29696948911484E-007
4384 1.99999957187000E+000 4.28129998786275E-007
4392 1.99999957342878E+000 4.26571221678884E-007
4400 1.99999957497901E+000 4.25020993288783E-007
4408 1.99999957652043E+000 4.23479573852248E-007
4416 1.99999957805374E+000 4.21946255713124E-007
4424 1.99999957957895E+000 4.20421052860220E-007
4432 1.99999958109576E+000 4.18904242183160E-007
4440 1.99999958260419E+000 4.17395808360865E-007
4448 1.99999958410429E+000 4.15895712313486E-007
4456 1.99999958559699E+000 4.14403007020781E-007
4464 1.99999958708107E+000 4.12918928383022E-007
4472 1.99999958855766E+000 4.11442339531831E-007
4480 1.99999959002621E+000 4.09973786696938E-007
4488 1.99999959148657E+000 4.08513425531609E-007
4496 1.99999959293919E+000 4.07060809948234E-007
4504 1.99999959438470E+000 4.05615303789020E-007
4512 1.99999959582201E+000 4.04177993962307E-007
4520 1.99999959725162E+000 4.02748384642493E-007
4528 1.99999959867404E+000 4.01325960908139E-007
4536 1.99999960008872E+000 3.99911276760534E-007
4544 1.99999960149559E+000 3.98504412801870E-007
4552 1.99999960289549E+000 3.97104505500678E-007
4560 1.99999960428789E+000 3.95712111966873E-007
4568 1.99999960567330E+000 3.94326700181580E-007
4576 1.99999960705113E+000 3.92948875216348E-007
4584 1.99999960842165E+000 3.91578352632038E-007
4592 1.99999960978503E+000 3.90214970558134E-007
4600 1.99999961114139E+000 3.88858605759879E-007
4608 1.99999961249090E+000 3.87509104804451E-007
4616 1.99999961383332E+000 3.86166684629430E-007
4624 1.99999961516860E+000 3.84831404298680E-007
4632 1.99999961649681E+000 3.83503186540679E-007
4640 1.99999961781838E+000 3.82181617020194E-007
4648 1.99999961913302E+000 3.80866979954320E-007
4656 1.99999962044113E+000 3.79558874330499E-007
4664 1.99999962174249E+000 3.78257505539992E-007
4672 1.99999962303704E+000 3.76962957737703E-007
4680 1.99999962432491E+000 3.75675092589845E-007
4688 1.99999962560602E+000 3.74393985147492E-007
4696 1.99999962688114E+000 3.73118860919064E-007
4704 1.99999962814938E+000 3.71850619407255E-007
4712 1.99999962941130E+000 3.70588699949437E-007
4720 1.99999963066654E+000 3.69333455374488E-007
4728 1.99999963191572E+000 3.68084277724279E-007
4736 1.99999963315835E+000 3.66841647947425E-007
4744 1.99999963439504E+000 3.65604961416466E-007
4752 1.99999963562526E+000 3.64374739936224E-007
4760 1.99999963684926E+000 3.63150739479679E-007
4768 1.99999963806705E+000 3.61932946502108E-007
4776 1.99999963927890E+000 3.60721104764039E-007
4784 1.99999964048442E+000 3.59515584191783E-007
4792 1.99999964168425E+000 3.58315753956617E-007
4800 1.99999964287771E+000 3.57122289962320E-007
4808 1.99999964406534E+000 3.55934658413659E-007
4816 1.99999964524713E+000 3.54752874409670E-007
4824 1.99999964642319E+000 3.53576814049461E-007
4832 1.99999964759322E+000 3.52406782200276E-007
4840 1.99999964875735E+000 3.51242645635352E-007
4848 1.99999964991587E+000 3.50084127020978E-007
4856 1.99999965106852E+000 3.48931476823466E-007
4864 1.99999965221574E+000 3.47784259169259E-007
4872 1.99999965335702E+000 3.46642983650725E-007
4880 1.99999965449282E+000 3.45507175980586E-007
4888 1.99999965562323E+000 3.44376772209998E-007
4896 1.99999965674807E+000 3.43251930656763E-007
4904 1.99999965786734E+000 3.42132657094041E-007
4912 1.99999965898120E+000 3.41018801641724E-007
4920 1.99999966008928E+000 3.39910724456161E-007
4928 1.99999966119215E+000 3.38807847333200E-007
4936 1.99999966228955E+000 3.37710452269491E-007
4944 1.99999966338197E+000 3.36618026119950E-007
4952 1.99999966446890E+000 3.35531104900255E-007
4960 1.99999966555070E+000 3.34449302918927E-007
4968 1.99999966662733E+000 3.33372668137599E-007
4976 1.99999966769863E+000 3.32301367977905E-007
4984 1.99999966876454E+000 3.31235455286461E-007
4992 1.99999966982537E+000 3.30174630081004E-007
5000 1.99999967088156E+000 3.29118438280318E-007
5008 1.99999967193251E+000 3.28067486288219E-007
5016 1.99999967297808E+000 3.27021923096638E-007
5024 1.99999967401910E+000 3.25980899384959E-007
5032 1.99999967505497E+000 3.24945032881274E-007
5040 1.99999967608596E+000 3.23914044919604E-007
5048 1.99999967711228E+000 3.22887723669396E-007
5056 1.99999967813334E+000 3.21866660657477E-007
5064 1.99999967914960E+000 3.20850401580586E-007
5072 1.99999968016119E+000 3.19838807660844E-007
5080 1.99999968116782E+000 3.18832181767093E-007
5088 1.99999968217009E+000 3.17829912388490E-007
5096 1.99999968316721E+000 3.16832785562937E-007
5104 1.99999968415974E+000 3.15840259501599E-007
5112 1.99999968514795E+000 3.14852049321246E-007
5120 1.99999968613110E+000 3.13868902201975E-007
5128 1.99999968710991E+000 3.12890088949303E-007
5136 1.99999968808392E+000 3.11916083406416E-007
5144 1.99999968905360E+000 3.10946401960166E-007
5152 1.99999969001864E+000 3.09981357915490E-007
5160 1.99999969097931E+000 3.09020691036110E-007
5168 1.99999969193551E+000 3.08064485254889E-007
5176 1.99999969288741E+000 3.07112585362646E-007
5184 1.99999969383455E+000 3.06165452323981E-007
5192 1.99999969477774E+000 3.05222259688875E-007
5200 1.99999969571610E+000 3.04283903851399E-007
5208 1.99999969665019E+000 3.03349807273534E-007
5216 1.99999969758064E+000 3.02419357112171E-007
5224 1.99999969850633E+000 3.01493668031228E-007
5232 1.99999969942780E+000 3.00572204459115E-007
5240 1.99999970034480E+000 2.99655201319027E-007
5248 1.99999970125796E+000 2.98742043769451E-007
5256 1.99999970216699E+000 2.97833008033877E-007
5264 1.99999970307162E+000 2.96928378773487E-007
5272 1.99999970397234E+000 2.96027659496545E-007
5280 1.99999970486883E+000 2.95131173944085E-007
5288 1.99999970576119E+000 2.94238805764735E-007
5296 1.99999970664981E+000 2.93350185254226E-007
5304 1.99999970753403E+000 2.92465974993661E-007
5312 1.99999970841462E+000 2.91585380507442E-007
5320 1.99999970929089E+000 2.90709114558752E-007
5328 1.99999971016368E+000 2.89836318279058E-007
5336 1.99999971103214E+000 2.88967861195033E-007
5344 1.99999971189697E+000 2.88103034540299E-007
5352 1.99999971275739E+000 2.87242614360750E-007
5360 1.99999971361467E+000 2.86385325454219E-007
5368 1.99999971446764E+000 2.85532364641128E-007
5376 1.99999971531704E+000 2.84682956541715E-007
5384 1.99999971616245E+000 2.83837553460842E-007
5392 1.99999971700437E+000 2.82995632261418E-007
5400 1.99999971784206E+000 2.82157936348781E-007
5408 1.99999971867657E+000 2.81323425888047E-007
5416 1.99999971950709E+000 2.80492910675889E-007
5424 1.99999972033417E+000 2.79665834268528E-007
5432 1.99999972115753E+000 2.78842474221719E-007
5440 1.99999972197705E+000 2.78022953770218E-007
5448 1.99999972279339E+000 2.77206607668390E-007
5456 1.99999972360586E+000 2.76394138465363E-007
5464 1.99999972441486E+000 2.75585140485646E-007
5472 1.99999972522019E+000 2.74779814235515E-007
5480 1.99999972602183E+000 2.73978168152667E-007
5488 1.99999972681997E+000 2.73180035037512E-007
5496 1.99999972761506E+000 2.72384938382331E-007
5504 1.99999972840628E+000 2.71593721734575E-007
5512 1.99999972919429E+000 2.70805711855005E-007
5520 1.99999972997906E+000 2.70020942272353E-007
5528 1.99999973075989E+000 2.69240105987834E-007
5536 1.99999973153755E+000 2.68462455155216E-007
5544 1.99999973231220E+000 2.67687801480676E-007
5552 1.99999973308326E+000 2.66916743818513E-007
5560 1.99999973385091E+000 2.66149092764678E-007
5568 1.99999973461529E+000 2.65384708875160E-007
5576 1.99999973537617E+000 2.64623831291999E-007
5584 1.99999973613440E+000 2.63865602034841E-007
5592 1.99999973688853E+000 2.63111475051758E-007
5600 1.99999973764032E+000 2.62359677316582E-007
5608 1.99999973838818E+000 2.61611823759722E-007
5616 1.99999973913328E+000 2.60866716006447E-007
5624 1.99999973987479E+000 2.60125214035512E-007
5632 1.99999974061369E+000 2.59386308654186E-007
5640 1.99999974134904E+000 2.58650958429030E-007
5648 1.99999974208128E+000 2.57918719936967E-007
5656 1.99999974281030E+000 2.57189702645988E-007
5664 1.99999974353685E+000 2.56463151382391E-007
5672 1.99999974425959E+000 2.55740412180572E-007
5680 1.99999974497961E+000 2.55020393913341E-007
5688 1.99999974569678E+000 2.54303216706830E-007
5696 1.99999974641078E+000 2.53589215404304E-007
5704 1.99999974712169E+000 2.52878313622418E-007
5712 1.99999974782987E+000 2.52170135217611E-007
5720 1.99999974853455E+000 2.51465448242172E-007
5728 1.99999974923677E+000 2.50763225961848E-007
5736 1.99999974993581E+000 2.50064194018407E-007
5744 1.99999975063212E+000 2.49367875460038E-007
5752 1.99999975132511E+000 2.48674893121859E-007
5760 1.99999975201572E+000 2.47984283996416E-007
5768 1.99999975270298E+000 2.47297023525661E-007
5776 1.99999975338802E+000 2.46611977283706E-007
5784 1.99999975406958E+000 2.45930420694762E-007
5792 1.99999975474861E+000 2.45251394082047E-007
5800 1.99999975542512E+000 2.44574880570170E-007
5808 1.99999975609845E+000 2.43901546959080E-007
5816 1.99999975676895E+000 2.43231053298487E-007
5824 1.99999975743683E+000 2.42563175101296E-007
5832 1.99999975810178E+000 2.41898223451997E-007
5840 1.99999975876449E+000 2.41235508680049E-007
5848 1.99999975942407E+000 2.40575932286546E-007
5856 1.99999976008098E+000 2.39919019762169E-007
5864 1.99999976073540E+000 2.39264603907330E-007
5872 1.99999976138711E+000 2.38612890335332E-007
5880 1.99999976203611E+000 2.37963887705917E-007
5888 1.99999976268210E+000 2.37317903772905E-007
5896 1.99999976332568E+000 2.36674324360919E-007
5904 1.99999976396694E+000 2.36033060874163E-007
5912 1.99999976460548E+000 2.35394518321996E-007
5920 1.99999976524120E+000 2.34758802841739E-007
5928 1.99999976587465E+000 2.34125349329872E-007
5936 1.99999976650534E+000 2.33494658941069E-007
5944 1.99999976713329E+000 2.32866707028379E-007
5952 1.99999976775902E+000 2.32240980890808E-007
5960 1.99999976838242E+000 2.31617580892518E-007
5968 1.99999976900293E+000 2.30997067030003E-007
5976 1.99999976962083E+000 2.30379166188399E-007
5984 1.99999977023665E+000 2.29763355008572E-007
5992 1.99999977085022E+000 2.29149782482452E-007
6000 1.99999977146061E+000 2.28539395186189E-007
6008 1.99999977206918E+000 2.27930821106170E-007
6016 1.99999977267479E+000 2.27325206658691E-007
6024 1.99999977327857E+000 2.26721429852361E-007
6032 1.99999977387975E+000 2.26120246304973E-007
6040 1.99999977447811E+000 2.25521893826297E-007
6048 1.99999977507451E+000 2.24925489122896E-007
6056 1.99999977566837E+000 2.24331627940444E-007
6064 1.99999977626024E+000 2.23739762494901E-007
6072 1.99999977684937E+000 2.23150635081382E-007
6080 1.99999977743643E+000 2.22563570462242E-007
6088 1.99999977802078E+000 2.21979222336799E-007
6096 1.99999977860315E+000 2.21396847743804E-007
6104 1.99999977918361E+000 2.20816387397349E-007
6112 1.99999977976105E+000 2.20238949077967E-007
6120 1.99999978033659E+000 2.19663405909287E-007
6128 1.99999978090993E+000 2.19090069863981E-007
6136 1.99999978148091E+000 2.18519091932379E-007
6144 1.99999978204991E+000 2.17950092418207E-007
6152 1.99999978261628E+000 2.17383722578290E-007
6160 1.99999978318055E+000 2.16819447951266E-007
6168 1.99999978374302E+000 2.16256976770524E-007
6176 1.99999978430302E+000 2.15696983607572E-007
6184 1.99999978486081E+000 2.15139190018476E-007
6192 1.99999978541594E+000 2.14584058078060E-007
6200 1.99999978596960E+000 2.14030403178356E-007
6208 1.99999978652101E+000 2.13478992483474E-007
6216 1.99999978707034E+000 2.12929656129290E-007
6224 1.99999978761768E+000 2.12382317732462E-007
6232 1.99999978816245E+000 2.11837549279892E-007
6240 1.99999978870519E+000 2.11294808094564E-007
6248 1.99999978924599E+000 2.10754014462466E-007
6256 1.99999978978515E+000 2.10214852414126E-007
6264 1.99999979032162E+000 2.09678382878664E-007
6272 1.99999979085610E+000 2.09143898644015E-007
6280 1.99999979138863E+000 2.08611373508916E-007
6288 1.99999979191948E+000 2.08080517483111E-007
6296 1.99999979244788E+000 2.07552118602905E-007
6304 1.99999979297436E+000 2.07025636855818E-007
6312 1.99999979349891E+000 2.06501092447908E-007
6320 1.99999979402170E+000 2.05978295753084E-007
6328 1.99999979454245E+000 2.05457555191302E-007
6336 1.99999979506069E+000 2.04939305525897E-007
6344 1.99999979557719E+000 2.04422811123095E-007
6352 1.99999979609184E+000 2.03908156137800E-007
6360 1.99999979660444E+000 2.03395559728037E-007
6368 1.99999979711564E+000 2.02884357536348E-007
6376 1.99999979762452E+000 2.02375480151673E-007
6384 1.99999979813129E+000 2.01868713523012E-007
6392 1.99999979863649E+000 2.01363512530861E-007
6400 1.99999979913972E+000 2.00860277521642E-007
6408 1.99999979964110E+000 2.00358899471453E-007
6416 1.99999980014057E+000 1.99859434779626E-007
6424 1.99999980063758E+000 1.99362418129567E-007
6432 1.99999980113360E+000 1.98866402234543E-007
6440 1.99999980162747E+000 1.98372527293600E-007
6448 1.99999980211957E+000 1.97880426489050E-007
6456 1.99999980260980E+000 1.97390203959813E-007
6464 1.99999980309783E+000 1.96902165905399E-007
6472 1.99999980358440E+000 1.96415600006716E-007
6480 1.99999980406921E+000 1.95930790480858E-007
6488 1.99999980455251E+000 1.95447489970135E-007
6496 1.99999980503331E+000 1.94966690791887E-007
6504 1.99999980551290E+000 1.94487103089003E-007
6512 1.99999980599043E+000 1.94009566634179E-007
6520 1.99999980646622E+000 1.93533779446753E-007
6528 1.99999980694025E+000 1.93059746855795E-007
6536 1.99999980741252E+000 1.92587479297401E-007
6544 1.99999980788362E+000 1.92116377029095E-007
6552 1.99999980835262E+000 1.91647378189330E-007
6560 1.99999980881971E+000 1.91180286712722E-007
6568 1.99999980928550E+000 1.90714503967016E-007
6576 1.99999980974898E+000 1.90251015830256E-007
6584 1.99999981021103E+000 1.89788974758187E-007
6592 1.99999981067150E+000 1.89328499322627E-007
6600 1.99999981113053E+000 1.88869471839936E-007
6608 1.99999981158726E+000 1.88412737189836E-007
6616 1.99999981204255E+000 1.87957450714649E-007
6624 1.99999981249655E+000 1.87503445436832E-007
6632 1.99999981294863E+000 1.87051371502989E-007
6640 1.99999981339919E+000 1.86600809692905E-007
6648 1.99999981384846E+000 1.86151539516288E-007
6656 1.99999981429569E+000 1.85704307709145E-007
6664 1.99999981474117E+000 1.85258826945756E-007
6672 1.99999981518532E+000 1.84814677117728E-007
6680 1.99999981562759E+000 1.84372407785460E-007
6688 1.99999981606845E+000 1.83931547326210E-007
6696 1.99999981650828E+000 1.83491716043704E-007
6704 1.99999981694552E+000 1.83054482016942E-007
6712 1.99999981738166E+000 1.82618344668484E-007
6720 1.99999981781625E+000 1.82183755192966E-007
6728 1.99999981824955E+000 1.81750451355711E-007
6736 1.99999981868122E+000 1.81318777103812E-007
6744 1.99999981911066E+000 1.80889343726065E-007
6752 1.99999981953956E+000 1.80460436816077E-007
6760 1.99999981996618E+000 1.80033817409608E-007
6768 1.99999982039153E+000 1.79608470984860E-007
6776 1.99999982081579E+000 1.79184208581873E-007
6784 1.99999982123850E+000 1.78761498048630E-007
6792 1.99999982165925E+000 1.78340751277872E-007
6800 1.99999982207876E+000 1.77921237076717E-007
6808 1.99999982249673E+000 1.77503273190993E-007
6816 1.99999982291324E+000 1.77086759478584E-007
6824 1.99999982332769E+000 1.76672307672376E-007
6832 1.99999982374157E+000 1.76258426520803E-007
6840 1.99999982415358E+000 1.75846415872982E-007
6848 1.99999982456429E+000 1.75435707738814E-007
6856 1.99999982497338E+000 1.75026625193198E-007
6864 1.99999982538146E+000 1.74618542736482E-007
6872 1.99999982578781E+000 1.74212188008838E-007
6880 1.99999982619263E+000 1.73807374936885E-007
6888 1.99999982659632E+000 1.73403684522455E-007
6896 1.99999982699818E+000 1.73001818204455E-007
6904 1.99999982739944E+000 1.72600556291869E-007
6912 1.99999982779864E+000 1.72201360504332E-007
6920 1.99999982819627E+000 1.71803730353304E-007
6928 1.99999982859280E+000 1.71407197768758E-007
6936 1.99999982898825E+000 1.71011752980732E-007
6944 1.99999982938232E+000 1.70617678429963E-007
6952 1.99999982977494E+000 1.70225062490204E-007
6960 1.99999983016605E+000 1.69833947571973E-007
6968 1.99999983055591E+000 1.69444091646653E-007
6976 1.99999983094434E+000 1.69055659249295E-007
6984 1.99999983133144E+000 1.68668561562058E-007
6992 1.99999983171727E+000 1.68282734414049E-007
7000 1.99999983210189E+000 1.67898113412335E-007
7008 1.99999983248462E+000 1.67515376015004E-007
7016 1.99999983286641E+000 1.67133588080404E-007
7024 1.99999983324712E+000 1.66752879282583E-007
7032 1.99999983362654E+000 1.66373462562319E-007
7040 1.99999983400448E+000 1.65995522438678E-007
7048 1.99999983438129E+000 1.65618706970960E-007
7056 1.99999983475659E+000 1.65243411620608E-007
7064 1.99999983513040E+000 1.64869600860484E-007
7072 1.99999983550378E+000 1.64496224419608E-007
7080 1.99999983587474E+000 1.64125259827230E-007
7088 1.99999983624515E+000 1.63754851456588E-007
7096 1.99999983661420E+000 1.63385805107552E-007
7104 1.99999983698215E+000 1.63017851662062E-007
7112 1.99999983734887E+000 1.62651128787772E-007
7120 1.99999983771408E+000 1.62285917815197E-007
7128 1.99999983807820E+000 1.61921799746168E-007
7136 1.99999983844130E+000 1.61558699085518E-007
7144 1.99999983880307E+000 1.61196926029561E-007
7152 1.99999983916373E+000 1.60836266305253E-007
7160 1.99999983952289E+000 1.60477108712698E-007
7168 1.99999983988087E+000 1.60119134617887E-007
7176 1.99999984023745E+000 1.59762550078213E-007
7184 1.99999984059331E+000 1.59406686295327E-007
7192 1.99999984094774E+000 1.59052264026016E-007
7200 1.99999984130127E+000 1.58698725938322E-007
7208 1.99999984165288E+000 1.58347123635494E-007
7216 1.99999984200436E+000 1.57995645011511E-007
7224 1.99999984235383E+000 1.57646170784176E-007
7232 1.99999984270261E+000 1.57297394887124E-007
7240 1.99999984305025E+000 1.56949752971869E-007
7248 1.99999984339626E+000 1.56603745082862E-007
7256 1.99999984374158E+000 1.56258417538524E-007
7264 1.99999984408532E+000 1.55914684718539E-007
7272 1.99999984442850E+000 1.55571501458951E-007
7280 1.99999984477015E+000 1.55229846088290E-007
7288 1.99999984511086E+000 1.54889143511028E-007
7296 1.99999984545055E+000 1.54549454123298E-007
7304 1.99999984578896E+000 1.54211042824315E-007
7312 1.99999984612604E+000 1.53873964459095E-007
7320 1.99999984646263E+000 1.53537365266132E-007
7328 1.99999984679720E+000 1.53202797115171E-007
7336 1.99999984713128E+000 1.52868718572563E-007
7344 1.99999984746447E+000 1.52535535091758E-007
7352 1.99999984779633E+000 1.52203670999995E-007
7360 1.99999984812673E+000 1.51873269294001E-007
7368 1.99999984845649E+000 1.51543509963048E-007
7376 1.99999984878536E+000 1.51214643473452E-007
7384 1.99999984911293E+000 1.50887073502304E-007
7392 1.99999984943938E+000 1.50560616418716E-007
7400 1.99999984976452E+000 1.50235480944616E-007
7408 1.99999985008930E+000 1.49910704072553E-007
7416 1.99999985041207E+000 1.49587931153050E-007
7424 1.99999985073459E+000 1.49265407811683E-007
7432 1.99999985105557E+000 1.48944426570097E-007
7440 1.99999985137551E+000 1.48624492934957E-007
7448 1.99999985169522E+000 1.48304777569663E-007
7456 1.99999985201333E+000 1.47986668919131E-007
7464 1.99999985233002E+000 1.47669979577714E-007
7472 1.99999985264619E+000 1.47353810708850E-007
7480 1.99999985296138E+000 1.47038617726025E-007
7488 1.99999985327563E+000 1.46724371097307E-007
7496 1.99999985358853E+000 1.46411467616403E-007
7504 1.99999985390071E+000 1.46099294662250E-007
7512 1.99999985421175E+000 1.45788250804912E-007
7520 1.99999985452146E+000 1.45478542767918E-007
7528 1.99999985483036E+000 1.45169639864662E-007
7536 1.99999985513915E+000 1.44860846873485E-007
7544 1.99999985544625E+000 1.44553745862197E-007
7552 1.99999985575217E+000 1.44247827904565E-007
7560 1.99999985605731E+000 1.43942695096655E-007
7568 1.99999985636105E+000 1.43638952287972E-007
7576 1.99999985666469E+000 1.43335308733228E-007
7584 1.99999985696719E+000 1.43032806931842E-007
7592 1.99999985726814E+000 1.42731863439494E-007
7600 1.99999985756857E+000 1.42431434424495E-007
7608 1.99999985786831E+000 1.42131695080039E-007
7616 1.99999985816667E+000 1.41833327971241E-007
7624 1.99999985846387E+000 1.41536134590226E-007
7632 1.99999985876079E+000 1.41239212103628E-007
7640 1.99999985905621E+000 1.40943786419712E-007
7648 1.99999985935112E+000 1.40648882540617E-007
7656 1.99999985964498E+000 1.40355015387783E-007
7664 1.99999985993766E+000 1.40062336617675E-007
7672 1.99999986023002E+000 1.39769976037485E-007
7680 1.99999986052084E+000 1.39479158001166E-007
7688 1.99999986081132E+000 1.39188675696289E-007
7696 1.99999986110001E+000 1.38899991286579E-007
7704 1.99999986138872E+000 1.38611280897649E-007
7712 1.99999986167642E+000 1.38323577703048E-007
7720 1.99999986196295E+000 1.38037049346451E-007
7728 1.99999986224800E+000 1.37752001139191E-007
7736 1.99999986253297E+000 1.37467025318472E-007
7744 1.99999986281701E+000 1.37182994519591E-007
7752 1.99999986310023E+000 1.36899768188314E-007
7760 1.99999986338261E+000 1.36617388735161E-007
7768 1.99999986366346E+000 1.36336537392978E-007
7776 1.99999986394378E+000 1.36056224731007E-007
7784 1.99999986422338E+000 1.35776621057460E-007
7792 1.99999986450231E+000 1.35497689290887E-007
7800 1.99999986477996E+000 1.35220036945327E-007
7808 1.99999986505698E+000 1.34943019425293E-007
7816 1.99999986533342E+000 1.34666583884169E-007
7824 1.99999986560842E+000 1.34391576978032E-007
7832 1.99999986588277E+000 1.34117228434150E-007
7840 1.99999986615661E+000 1.33843385485832E-007
7848 1.99999986642945E+000 1.33570550397977E-007
7856 1.99999986670105E+000 1.33298950544258E-007
7864 1.99999986697243E+000 1.33027568516297E-007
7872 1.99999986724282E+000 1.32757181914300E-007
7880 1.99999986751220E+000 1.32487802062542E-007
7888 1.99999986778044E+000 1.32219558857116E-007
7896 1.99999986804852E+000 1.31951476189940E-007
7904 1.99999986831550E+000 1.31684498860807E-007
7912 1.99999986858200E+000 1.31418002924377E-007
7920 1.99999986884719E+000 1.31152812166135E-007
7928 1.99999986911160E+000 1.30888397897877E-007
7936 1.99999986937563E+000 1.30624371097454E-007
7944 1.99999986963818E+000 1.30361820227520E-007
7952 1.99999986990056E+000 1.30099441664200E-007
7960 1.99999987016243E+000 1.29837571138935E-007
7968 1.99999987042280E+000 1.29577198970665E-007
7976 1.99999987068298E+000 1.29317020203246E-007
7984 1.99999987094173E+000 1.29058267184234E-007
7992 1.99999987120008E+000 1.28799916510047E-007
8000 1.99999987145747E+000 1.28542533950338E-007
8008 1.99999987171448E+000 1.28285524647609E-007
8016 1.99999987197048E+000 1.28029523871476E-007
8024 1.99999987222558E+000 1.27774419267368E-007
8032 1.99999987247980E+000 1.27520198178743E-007
8040 1.99999987273333E+000 1.27266672755866E-007
8048 1.99999987298628E+000 1.27013718431712E-007
8056 1.99999987323849E+000 1.26761515062412E-007
8064 1.99999987348954E+000 1.26510461884166E-007
8072 1.99999987374062E+000 1.26259378063764E-007
8080 1.99999987399020E+000 1.26009798373516E-007
8088 1.99999987423943E+000 1.25760566627164E-007
8096 1.99999987448803E+000 1.25511969040204E-007
8104 1.99999987473555E+000 1.25264449701845E-007
8112 1.99999987498314E+000 1.25016864194194E-007
8120 1.99999987522882E+000 1.24771184495387E-007
8128 1.99999987547457E+000 1.24525432854128E-007
8136 1.99999987571951E+000 1.24280489011142E-007
8144 1.99999987596348E+000 1.24036516835346E-007
8152 1.99999987620718E+000 1.23792821105084E-007
8160 1.99999987644924E+000 1.23550757402668E-007
8168 1.99999987669159E+000 1.23308412369738E-007
8176 1.99999987693276E+000 1.23067237289831E-007
8184 1.99999987717330E+000 1.22826704584966E-007
8192 1.99999987741297E+000 1.22587031414767E-007
8200 1.99999987765177E+000 1.22348229547598E-007
8208 1.99999987789068E+000 1.22109321099018E-007
8216 1.99999987812851E+000 1.21871489566772E-007
8224 1.99999987836540E+000 1.21634603722498E-007
8232 1.99999987860159E+000 1.21398407992857E-007
8240 1.99999987883752E+000 1.21162479826964E-007
8248 1.99999987907217E+000 1.20927832414353E-007
8256 1.99999987930641E+000 1.20693591121324E-007
8264 1.99999987954032E+000 1.20459682451113E-007
8272 1.99999987977257E+000 1.20227429123432E-007
8280 1.99999988000525E+000 1.19994750802377E-007
8288 1.99999988023697E+000 1.19763029049480E-007
8296 1.99999988046802E+000 1.19531977205156E-007
8304 1.99999988069805E+000 1.19301947210104E-007
8312 1.99999988092703E+000 1.19072965931721E-007
8320 1.99999988115662E+000 1.18843380469968E-007
8328 1.99999988138430E+000 1.18615701039104E-007
8336 1.99999988161193E+000 1.18388070902142E-007
8344 1.99999988183922E+000 1.18160778717069E-007
8352 1.99999988206545E+000 1.17934553678367E-007
8360 1.99999988229061E+000 1.17709385571985E-007
8368 1.99999988251565E+000 1.17484346695562E-007
8376 1.99999988273996E+000 1.17260042342693E-007
8384 1.99999988296374E+000 1.17036260682823E-007
8392 1.99999988318706E+000 1.16812939099376E-007
8400 1.99999988340937E+000 1.16590630483415E-007
8408 1.99999988363144E+000 1.16368563896074E-007
8416 1.99999988385258E+000 1.16147421236335E-007
8424 1.99999988407304E+000 1.15926958699220E-007
8432 1.99999988429323E+000 1.15706769276969E-007
8440 1.99999988451194E+000 1.15488060670188E-007
8448 1.99999988473063E+000 1.15269366496307E-007
8456 1.99999988494884E+000 1.15051155491486E-007
8464 1.99999988516617E+000 1.14833833775307E-007
8472 1.99999988538281E+000 1.14617186852684E-007
8480 1.99999988559897E+000 1.14401033757261E-007
8488 1.99999988581506E+000 1.14184940391837E-007
8496 1.99999988602940E+000 1.13970598958346E-007
8504 1.99999988624409E+000 1.13755910691182E-007
8512 1.99999988645758E+000 1.13542425017599E-007
8520 1.99999988667091E+000 1.13329094331149E-007
8528 1.99999988688356E+000 1.13116436439853E-007
8536 1.99999988709513E+000 1.12904873006414E-007
8544 1.99999988730650E+000 1.12693499865202E-007
8552 1.99999988751759E+000 1.12482413827664E-007
8560 1.99999988772775E+000 1.12272247498879E-007
8568 1.99999988793746E+000 1.12062537915847E-007
8576 1.99999988814622E+000 1.11853780682125E-007
8584 1.99999988835459E+000 1.11645411360328E-007
8592 1.99999988856271E+000 1.11437292060757E-007
8600 1.99999988876950E+000 1.11230498367476E-007
8608 1.99999988897624E+000 1.11023758408990E-007
8616 1.99999988918278E+000 1.10817216736336E-007
8624 1.99999988938785E+000 1.10612146775324E-007
8632 1.99999988959300E+000 1.10406996212120E-007
8640 1.99999988979717E+000 1.10202833525364E-007
8648 1.99999989000125E+000 1.09998749664442E-007
8656 1.99999989020470E+000 1.09795303293581E-007
8664 1.99999989040714E+000 1.09592858121843E-007
8672 1.99999989060928E+000 1.09390723812552E-007
8680 1.99999989081073E+000 1.09189267405441E-007
8688 1.99999989101172E+000 1.08988281510847E-007
8696 1.99999989121261E+000 1.08787391761567E-007
8704 1.99999989141229E+000 1.08587708380625E-007
8712 1.99999989161197E+000 1.08388027442174E-007
8720 1.99999989181024E+000 1.08189764036482E-007
8728 1.99999989200874E+000 1.07991263043061E-007
8736 1.99999989220670E+000 1.07793295844871E-007
8744 1.99999989240374E+000 1.07596257237219E-007
8752 1.99999989259981E+000 1.07400186744044E-007
8760 1.99999989279638E+000 1.07203616650509E-007
8768 1.99999989299196E+000 1.07008037320000E-007
8776 1.99999989318720E+000 1.06812800160228E-007
8784 1.99999989338164E+000 1.06618361472854E-007
8792 1.99999989357522E+000 1.06424781209924E-007
8800 1.99999989376930E+000 1.06230697793919E-007
8808 1.99999989396168E+000 1.06038319680479E-007
8816 1.99999989415386E+000 1.05846137410381E-007
8824 1.99999989434616E+000 1.05653841009357E-007
8832 1.99999989453714E+000 1.05462860000571E-007
8840 1.99999989472807E+000 1.05271925399109E-007
8848 1.99999989491820E+000 1.05081803480900E-007
8856 1.99999989510815E+000 1.04891847207966E-007
8864 1.99999989529745E+000 1.04702550407509E-007
8872 1.99999989548661E+000 1.04513390608574E-007
8880 1.99999989567407E+000 1.04325928340643E-007
8888 1.99999989586185E+000 1.04138146772570E-007
8896 1.99999989604935E+000 1.03950653418394E-007
8904 1.99999989623652E+000 1.03763476699825E-007
8912 1.99999989642264E+000 1.03577356469486E-007
8920 1.99999989660833E+000 1.03391665895458E-007
8928 1.99999989679307E+000 1.03206926560517E-007
8936 1.99999989697863E+000 1.03021375208456E-007
8944 1.99999989716273E+000 1.02837274917889E-007
8952 1.99999989734589E+000 1.02654110767375E-007
8960 1.99999989752927E+000 1.02470731677684E-007
8968 1.99999989771206E+000 1.02287936343259E-007
8976 1.99999989789473E+000 1.02105270682884E-007
8984 1.99999989807609E+000 1.01923914419544E-007
8992 1.99999989825778E+000 1.01742219982270E-007
9000 1.99999989843829E+000 1.01561712817500E-007
9008 1.99999989861890E+000 1.01381095740649E-007
9016 1.99999989879836E+000 1.01201637292547E-007
9024 1.99999989897786E+000 1.01022138210283E-007
9032 1.99999989915679E+000 1.00843208450385E-007
9040 1.99999989933503E+000 1.00664970581477E-007
9048 1.99999989951329E+000 1.00486707621528E-007
9056 1.99999989969049E+000 1.00309512918173E-007
9064 1.99999989986763E+000 1.00132366398498E-007
9072 1.99999990004406E+000 9.99559441883236E-008
