0.000018
0.000018
0.000019
0.000019
0.000021
0.000022
0.000024
0.000026
0.000028
0.000031
0.000034
0.000037
0.000040
0.000044
0.000048
0.000052
0.000056
0.000060
0.000064
0.000069
0.000073
0.000078
0.000083
0.000088
0.000092
0.000097
0.000102
0.000107
0.000112
0.000116
0.000121
0.000126
0.000130
0.000135
0.000139
0.000144
0.000148
0.000152
0.000156
0.000161
0.000165
0.000168
0.000172
0.000176
0.000180
0.000184
0.000187
0.000191
0.000195
0.000198
0.000202
0.000205
0.000209
0.000213
0.000216
0.000220
0.000223
0.000227
0.000231
0.000235
0.000238
0.000242
0.000246
0.000250
0.000254
0.000258
0.000262
0.000266
0.000270
0.000275
0.000279
0.000283
0.000287
0.000292
0.000296
0.000300
0.000304
0.000309
0.000313
0.000317
0.000322
0.000326
0.000330
0.000334
0.000339
0.000343
0.000347
0.000351
0.000355
0.000359
0.000363
0.000367
0.000371
0.000375
0.000379
0.000383
0.000387
0.000391
0.000395
0.000398
0.000402
0.000406
0.000410
0.000414
0.000417
0.000421
0.000425
0.000429
0.000433
0.000437
0.000440
0.000444
0.000448
0.000452
0.000456
0.000460
0.000464
0.000468
0.000472
0.000476
0.000480
0.000484
0.000489
0.000493
0.000497
0.000501
0.000505
0.000509
0.000513
0.000517
0.000522
0.000526
0.000530
0.000534
0.000538
0.000542
0.000546
0.000550
0.000554
0.000558
0.000562
0.000566
0.000570
0.000574
0.000578
0.000582
0.000586
0.000590
0.000594
0.000598
0.000601
0.000605
0.000609
0.000613
0.000617
0.000621
0.000625
0.000629
0.000633
0.000636
0.000640
0.000644
0.000648
0.000652
0.000656
0.000660
0.000664
0.000668
0.000672
0.000677
0.000681
0.000685
0.000689
0.000693
0.000697
0.000701
0.000705
0.000709
0.000713
0.000718
0.000722
0.000726
0.000730
0.000734
0.000738
0.000742
0.000746
0.000750
0.000754
0.000758
0.000762
0.000766
0.000770
0.000774
0.000778
0.000782
0.000786
0.000790
0.000794
0.000798
0.000802
0.000806
0.000810
0.000814
0.000818
0.000822
0.000826
0.000830
0.000834
0.000838
0.000842
0.000846
0.000850
0.000854
0.000858
0.000862
0.000866
0.000870
0.000874
0.000878
0.000882
0.000886
0.000891
0.000895
0.000899
0.000903
0.000907
0.000911
0.000915
0.000919
0.000923
0.000928
0.000932
0.000936
0.000940
0.000944
0.000948
0.000952
0.000956
0.000960
0.000964
0.000968
0.000972
0.000976
0.000980
0.000983
0.000987
0.000991
0.000995
0.000999
0.001003
0.001007
0.001011
0.001015
0.001019
0.001022
0.001026
0.001030
0.001034
0.001038
0.001042
0.001046
0.001050
0.001054
0.001058
0.001062
0.001066
0.001070
0.001074
0.001078
0.001083
0.001087
0.001091
0.001095
0.001099
0.001103
0.001107
0.001111
0.001115
0.001120
0.001124
0.001128
0.001132
0.001136
0.001140
0.001144
0.001148
0.001152
0.001156
0.001160
0.001164
0.001168
0.001172
0.001176
0.001180
0.001184
0.001188
0.001192
0.001196
0.001200
0.001204
0.001208
0.001212
0.001216
0.001220
0.001224
0.001228
0.001232
0.001236
0.001240
0.001244
0.001248
0.001252
0.001256
0.001260
0.001264
0.001268
0.001272
0.001276
0.001280
0.001284
0.001288
0.001292
0.001297
0.001301
0.001305
0.001309
0.001313
0.001317
0.001321
0.001325
0.001329
0.001333
0.001337
0.001341
0.001345
0.001349
0.001353
0.001357
0.001361
0.001365
0.001369
0.001373
0.001377
0.001381
0.001385
0.001389
0.001392
0.001396
0.001400
0.001404
0.001408
0.001412
0.001416
0.001420
0.001424
0.001427
0.001431
0.001435
0.001439
0.001443
0.001447
0.001451
0.001455
0.001459
0.001463
0.001468
0.001472
0.001476
0.001480
0.001484
0.001488
0.001492
0.001496
0.001500
0.001505
0.001509
0.001513
0.001517
0.001521
0.001525
0.001529
0.001533
0.001537
0.001541
0.001545
0.001549
0.001553
0.001557
0.001561
0.001565
0.001569
0.001572
0.001576
0.001580
0.001584
0.001588
0.001591
0.001595
0.001599
0.001603
0.001607
0.001610
0.001614
0.001618
0.001622
0.001626
0.001630
0.001634
0.001638
0.001642
0.001646
0.001650
0.001654
0.001658
0.001662
0.001666
0.001671
0.001675
0.001679
0.001683
0.001688
0.001692
0.001696
0.001701
0.001705
0.001709
0.001713
0.001718
0.001722
0.001726
0.001730
0.001735
0.001739
0.001743
0.001747
0.001751
0.001755
0.001759
0.001762
0.001766
0.001770
0.001774
0.001777
0.001781
0.001785
0.001788
0.001792
0.001795
0.001799
0.001803
0.001806
0.001810
0.001813
0.001817
0.001821
0.001824
0.001828
0.001832
0.001836
0.001840
0.001844
0.001848
0.001852
0.001857
0.001861
0.001865
0.001870
0.001874
0.001879
0.001884
0.001888
0.001893
0.001898
0.001903
0.001907
0.001912
0.001917
0.001922
0.001926
0.001931
0.001936
0.001940
0.001944
0.001949
0.001953
0.001957
0.001960
0.001964
0.001967
0.001970
0.001973
0.001975
0.001977
0.001979
0.001981
0.001982
0.001983
0.001984
0.001984
0.001984
0.001984
0.001983
0.001982
0.001981
0.001979
0.001977
0.001975
0.001972
0.001970
0.001967
0.001963
0.001960
0.001956
0.001952
0.001948
0.001944
0.001940
0.001935
0.001931
0.001926
0.001921
0.001917
0.001912
0.001907
0.001902
0.001897
0.001893
0.001888
0.001883
0.001878
0.001874
0.001869
0.001865
0.001860
0.001856
0.001852
0.001848
0.001844
0.001839
0.001835
0.001832
0.001828
0.001824
0.001820
0.001817
0.001813
0.001809
0.001806
0.001802
0.001798
0.001795
0.001791
0.001788
0.001784
0.001780
0.001777
0.001773
0.001769
0.001766
0.001762
0.001758
0.001754
0.001750
0.001746
0.001742
0.001738
0.001734
0.001730
0.001725
0.001721
0.001717
0.001713
0.001708
0.001704
0.001700
0.001695
0.001691
0.001687
0.001682
0.001678
0.001674
0.001670
0.001665
0.001661
0.001657
0.001653
0.001649
0.001645
0.001641
0.001637
0.001633
0.001629
0.001625
0.001621
0.001617
0.001613
0.001609
0.001606
0.001602
0.001598
0.001594
0.001590
0.001586
0.001583
0.001579
0.001575
0.001571
0.001567
0.001564
0.001560
0.001556
0.001552
0.001548
0.001544
0.001540
0.001536
0.001532
0.001528
0.001524
0.001520
0.001516
0.001511
0.001507
0.001503
0.001499
0.001495
0.001491
0.001487
0.001482
0.001478
0.001474
0.001470
0.001466
0.001462
0.001458
0.001454
0.001450
0.001446
0.001442
0.001438
0.001434
0.001430
0.001426
0.001422
0.001418
0.001414
0.001410
0.001406
0.001402
0.001399
0.001395
0.001391
0.001387
0.001383
0.001379
0.001375
0.001371
0.001367
0.001364
0.001360
0.001356
0.001352
0.001348
0.001344
0.001340
0.001336
0.001332
0.001328
0.001323
0.001319
0.001315
0.001311
0.001307
0.001303
0.001299
0.001295
0.001291
0.001286
0.001282
0.001278
0.001274
0.001270
0.001266
0.001262
0.001258
0.001254
0.001250
0.001246
0.001242
0.001238
0.001234
0.001230
0.001226
0.001222
0.001218
0.001214
0.001210
0.001206
0.001202
0.001198
0.001194
0.001190
0.001186
0.001182
0.001178
0.001174
0.001170
0.001166
0.001162
0.001158
0.001154
0.001150
0.001146
0.001142
0.001138
0.001134
0.001130
0.001126
0.001122
0.001118
0.001114
0.001109
0.001105
0.001101
0.001097
0.001093
0.001089
0.001085
0.001081
0.001076
0.001072
0.001068
0.001064
0.001060
0.001056
0.001052
0.001048
0.001044
0.001040
0.001036
0.001032
0.001028
0.001024
0.001020
0.001017
0.001013
0.001009
0.001005
0.001001
0.000997
0.000993
0.000989
0.000985
0.000981
0.000978
0.000974
0.000970
0.000966
0.000962
0.000958
0.000954
0.000950
0.000946
0.000942
0.000938
0.000934
0.000930
0.000926
0.000921
0.000917
0.000913
0.000909
0.000905
0.000901
0.000897
0.000893
0.000889
0.000884
0.000880
0.000876
0.000872
0.000868
0.000864
0.000860
0.000856
0.000852
0.000848
0.000844
0.000840
0.000836
0.000832
0.000828
0.000824
0.000820
0.000816
0.000812
0.000808
0.000804
0.000800
0.000796
0.000792
0.000788
0.000784
0.000780
0.000776
0.000772
0.000768
0.000764
0.000760
0.000756
0.000752
0.000748
0.000744
0.000740
0.000736
0.000732
0.000728
0.000724
0.000720
0.000716
0.000712
0.000708
0.000703
0.000699
0.000695
0.000691
0.000687
0.000683
0.000679
0.000675
0.000671
0.000667
0.000663
0.000659
0.000655
0.000651
0.000647
0.000643
0.000639
0.000635
0.000631
0.000627
0.000623
0.000619
0.000615
0.000611
0.000608
0.000604
0.000600
0.000596
0.000592
0.000588
0.000584
0.000580
0.000576
0.000573
0.000569
0.000565
0.000561
0.000557
0.000553
0.000549
0.000545
0.000541
0.000537
0.000532
0.000528
0.000524
0.000520
0.000516
0.000512
0.000508
0.000504
0.000499
0.000495
0.000491
0.000487
0.000483
0.000479
0.000475
0.000471
0.000467
0.000463
0.000459
0.000455
0.000451
0.000447
0.000443
0.000439
0.000435
0.000431
0.000428
0.000424
0.000420
0.000416
0.000412
0.000409
0.000405
0.000401
0.000397
0.000393
0.000390
0.000386
0.000382
0.000378
0.000374
0.000370
0.000366
0.000362
0.000358
0.000354
0.000350
0.000346
0.000342
0.000338
0.000333
0.000329
0.000325
0.000321
0.000316
0.000312
0.000308
0.000304
0.000299
0.000295
0.000291
0.000286
0.000282
0.000278
0.000274
0.000270
0.000265
0.000261
0.000257
0.000253
0.000249
0.000245
0.000242
0.000238
0.000234
0.000230
0.000226
0.000223
0.000219
0.000215
0.000212
0.000208
0.000205
0.000201
0.000198
0.000194
0.000190
0.000187
0.000183
0.000179
0.000176
0.000172
0.000168
0.000164
0.000160
0.000156
0.000152
0.000148
0.000143
0.000139
0.000135
0.000130
0.000125
0.000121
0.000116
0.000111
0.000107
0.000102
0.000097
0.000092
0.000087
0.000083
0.000078
0.000073
0.000069
0.000064
0.000060
0.000055
0.000051
0.000047
0.000044
0.000040
0.000037
0.000034
0.000031
0.000028
0.000026
0.000024
0.000022
0.000021
0.000019
0.000019
0.000018
0.000018
