y=sin(x)             x                       y                     polinomeps
 0.00000000000000E+000    1.00000000000000E+000    1.00000000000000E+000    0.00000000000000E+000
 4.50000000000000E-002    1.04398767084784E+000    1.04471080273390E+000    7.23131886062545E-004
 9.00000000000000E-002    1.08595273301199E+000    1.08719870036229E+000    1.24596735029670E-003
 1.35000000000000E-001    1.12590133120455E+000    1.12750406337988E+000    1.60273217533158E-003
 1.80000000000000E-001    1.16384369278812E+000    1.16566707821246E+000    1.82338542433791E-003
 2.25000000000000E-001    1.19979410706894E+000    1.20172812976392E+000    1.93402269497200E-003
 2.70000000000000E-001    1.23377089636589E+000    1.23572814709842E+000    1.95725073253028E-003
 3.15000000000000E-001    1.26579637891405E+000    1.26770891376188E+000    1.91253484782239E-003
 3.60000000000000E-001    1.29589682367793E+000    1.29771334421974E+000    1.81652054180437E-003
 4.05000000000000E-001    1.32410239716577E+000    1.32578572786148E+000    1.68333069570759E-003
 4.50000000000000E-001    1.35044710235268E+000    1.35197194199497E+000    1.52483964229111E-003
 4.95000000000000E-001    1.37496870983620E+000    1.37631963522717E+000    1.35092539096604E-003
 5.40000000000000E-001    1.39770868136382E+000    1.39887838260075E+000    1.16970123692139E-003
 5.85000000000000E-001    1.41871208588704E+000    1.41969981382912E+000    9.87727942081351E-004
 6.30000000000000E-001    1.43802750831215E+000    1.43883771594590E+000    8.10207633749283E-004
 6.75000000000000E-001    1.45570695113245E+000    1.45634811165766E+000    6.41160525214346E-004
 7.20000000000000E-001    1.47180572914090E+000    1.47228931466231E+000    4.83585521415364E-004
 7.65000000000000E-001    1.48638235743661E+000    1.48672196316864E+000    3.39605732028847E-004
 8.10000000000000E-001    1.49949843295175E+000    1.49970903282584E+000    2.10599874097106E-004
 8.55000000000000E-001    1.51121850973880E+000    1.51131583024538E+000    9.73205065768479E-005
 9.00000000000001E-001    1.52160996827066E+000    1.52160996827066E+000    2.22044604925031E-016
 9.45000000000000E-001    1.53074287901822E+000    1.53066132412404E+000    8.15548941863753E-005
 9.90000000000001E-001    1.53868986058159E+000    1.53854198153355E+000    1.47879048034927E-004
 1.03500000000000E+000    1.54552593266223E+000    1.54532615791613E+000    1.99774746095338E-004
 1.08000000000000E+000    1.55132836417374E+000    1.55109011766722E+000    2.38246506524709E-004
 1.12500000000000E+000    1.55617651679867E+000    1.55591207258078E+000    2.64444217883630E-004
 1.17000000000000E+000    1.56015168430823E+000    1.55987207039773E+000    2.79613910503462E-004
 1.21500000000000E+000    1.56333692797022E+000    1.56305187245432E+000    2.85055515899302E-004
 1.26000000000000E+000    1.56581690837829E+000    1.56553482137677E+000    2.82087001517661E-004
 1.30500000000000E+000    1.56767771404321E+000    1.56740569974204E+000    2.72014301169188E-004
 1.35000000000000E+000    1.56900668709304E+000    1.56875058059931E+000    2.56106493728758E-004
 1.39500000000000E+000    1.56989224643515E+000    1.56965667072103E+000    2.35575714116143E-004
 1.44000000000000E+000    1.57042370873815E+000    1.57021214742697E+000    2.11561311177722E-004
 1.48500000000000E+000    1.57069110759617E+000    1.57050598979936E+000    1.85117796811074E-004
 1.53000000000000E+000    1.57078501124159E+000    1.57062780508201E+000    1.57206159579149E-004
 1.57500000000000E+000    1.57079633917531E+000    1.57066765103128E+000    1.28688144035216E-004
 1.62000000000000E+000    1.57081617808583E+000    1.57071585496170E+000    1.00323124133217E-004
 1.66500000000000E+000    1.57093559742982E+000    1.57086283020455E+000    7.27672252691658E-005
 1.71000000000000E+000    1.57124546504762E+000    1.57119889067277E+000    4.65743748567782E-005
 1.75500000000000E+000    1.57183626318687E+000    1.57181406420117E+000    2.21989857083216E-005
 1.80000000000000E+000    1.57279790530691E+000    1.57279790530691E+000    4.44089209850063E-016
 1.84500000000000E+000    1.57421955403473E+000    1.57423930799059E+000    1.97539558570714E-005
 1.89000000000000E+000    1.57618944064112E+000    1.57622631917458E+000    3.68785334603494E-005
 1.93500000000000E+000    1.57879468640249E+000    1.57884595335157E+000    5.12669490817519E-005
 1.98000000000000E+000    1.58212112621008E+000    1.58218400899235E+000    6.28827822639622E-005
 2.02500000000000E+000    1.58625313478361E+000    1.58632488723859E+000    7.17524549833648E-005
 2.07000000000000E+000    1.59127345584128E+000    1.59135141338332E+000    7.79575420399859E-005
 2.11500000000000E+000    1.59726303457208E+000    1.59734466161837E+000    8.16270462873359E-005
 2.16000000000000E+000    1.60430085374939E+000    1.60438378350555E+000    8.29297561593112E-005
 2.20500000000000E+000    1.61246377381785E+000    1.61254584060555E+000    8.20667876977321E-005
 2.25000000000000E+000    1.62182637727726E+000    1.62190564167616E+000    7.92643988960507E-005
 2.29500000000000E+000    1.63246081767847E+000    1.63253558482915E+000    7.47671506835524E-005
 2.34000000000000E+000    1.64443667353710E+000    1.64450550501333E+000    6.88314762333775E-005
 2.38500000000000E+000    1.65782080746083E+000    1.65788252716929E+000    6.17197084635812E-005
 2.43000000000000E+000    1.67267723077546E+000    1.67273092538011E+000    5.36946046578724E-005
 2.47500000000000E+000    1.68906697392384E+000    1.68911198832082E+000    4.50143969730199E-005
 2.52000000000000E+000    1.70704796290011E+000    1.70708389128835E+000    3.59283882396255E-005
 2.56500000000000E+000    1.72667490196930E+000    1.72670157507321E+000    2.66731039100243E-005
 2.61000000000000E+000    1.74799916290994E+000    1.74801663191311E+000    1.74690031695679E-005
 2.65500000000000E+000    1.77106868100371E+000    1.77107719874888E+000    8.51774517252047E-006
 2.70000000000000E+000    1.79592785798294E+000    1.79592785798294E+000    4.44089209850063E-016
 2.74500000000000E+000    1.82261747213220E+000    1.82260954592046E+000    7.92621173828501E-006
 2.79000000000000E+000    1.85117459572626E+000    1.85115946905456E+000    1.51266716985621E-005
 2.83500000000000E+000    1.88163251997139E+000    1.88161102833697E+000    2.14916344174476E-005
 2.88000000000000E+000    1.91402068760202E+000    1.91399375155717E+000    2.69360448585942E-005
 2.92500000000000E+000    1.94836463326930E+000    1.94833323393415E+000    3.13993351472863E-005
 2.97000000000000E+000    1.98468593184211E+000    1.98465108700681E+000    3.48448353033604E-005
 3.01500000000000E+000    2.02300215472538E+000    2.02296489589059E+000    3.72588347934411E-005
 3.06000000000000E+000    2.06332683428395E+000    2.06328818495073E+000    3.86493332182880E-005
 3.10500000000000E+000    2.10566943644417E+000    2.10563039192471E+000    3.90445194660139E-005
 3.15000000000000E+000    2.15003534152866E+000    2.14999685050945E+000    3.84910192017252E-005
 3.19500000000000E+000    2.19642583336293E+000    2.19638878141224E+000    3.70519506942557E-005
 3.24000000000000E+000    2.24483809667617E+000    2.24480329184749E+000    3.48048286715752E-005
 3.28500000000000E+000    2.29526522280110E+000    2.29523338344583E+000    3.18393552771745E-005
 3.33000000000000E+000    2.34769622366176E+000    2.34766796852564E+000    2.82551361281413E-005
 3.37500000000000E+000    2.40211605402055E+000    2.40209189466231E+000    2.41593582401833E-005
 3.42000000000000E+000    2.45850564193970E+000    2.45848597747481E+000    1.96644648862154E-005
 3.46500000000000E+000    2.51684192739544E+000    2.51682704153479E+000    1.48858606516811E-005
 3.51000000000000E+000    2.57709790896669E+000    2.57708796928886E+000    9.93967782969563E-006
 3.55500000000000E+000    2.63924269850366E+000    2.63923775787069E+000    4.94063297296066E-006
 3.60000000000000E+000    2.70324158366585E+000    2.70324158366585E+000    1.33226762955019E-015
 3.64500000000000E+000    2.76905609820263E+000    2.76906087447905E+000    4.77627642370138E-006
 3.69000000000000E+000    2.83664409983430E+000    2.83665338914052E+000    9.28930622556834E-006
 3.73500000000000E+000    2.90595985557577E+000    2.90597330437556E+000    1.34487997902610E-005
 3.78000000000000E+000    2.97695413433026E+000    2.97697130874938E+000    1.71744191113099E-005
 3.82500000000000E+000    3.04957430656543E+000    3.04959470348730E+000    2.03969218697253E-005
 3.87000000000000E+000    3.12376445087019E+000    3.12378750995928E+000    2.30590890897275E-005
 3.91500000000000E+000    3.19946546717647E+000    3.19949058360640E+000    2.51164299291951E-005
 3.96000000000000E+000    3.27661519641666E+000    3.27664173407676E+000    2.65376601022993E-005
 4.00500000000000E+000    3.35514854637446E+000    3.35517585132777E+000    2.73049533077163E-005
 4.05000000000000E+000    3.43499762347442E+000    3.43502503744222E+000    2.74139678002605E-005
 4.09500000000000E+000    3.51609187024318E+000    3.51611874389615E+000    2.68736529647207E-005
 4.14000000000000E+000    3.59835820816429E+000    3.59838391400762E+000    2.57058433295043E-005
 4.18500000000000E+000    3.68172118563721E+000    3.68174513028711E+000    2.39446498979667E-005
 4.23000000000000E+000    3.76610313074101E+000    3.76612476640201E+000    2.16356609952229E-005
 4.27500000000000E+000    3.85142430849350E+000    3.85144314346048E+000    1.88349669745236E-005
 4.32000000000000E+000    3.93760308228731E+000    3.93761869031235E+000    1.56080250381940E-005
 4.36500000000000E+000    4.02455607917611E+000    4.02456810755840E+000    1.20283822884204E-005
 4.41000000000000E+000    4.11219835867636E+000    4.11220653495292E+000    8.17627656157782E-006
 4.45500000000000E+000    4.20044358474275E+000    4.20044772187884E+000    4.13713608438116E-006
 4.50000000000000E+000    4.28920420056921E+000    4.28920420056921E+000    8.88178419700125E-016
 4.54500000000000E+000    4.37839160586150E+000    4.37838746174429E+000    4.14411721649799E-006
 4.59000000000000E+000    4.46791633622256E+000    4.46790813232870E+000    8.20389386291254E-006
 4.63500000000000E+000    4.55768824428730E+000    4.55767615490979E+000    1.20893775070741E-005
 4.68000000000000E+000    4.64761668224027E+000    4.64760096859451E+000    1.57136457579199E-005
 4.72500000000000E+000    4.73761068534646E+000    4.73759169091936E+000    1.89944270996278E-005
 4.77000000000000E+000    4.82757915612384E+000    4.82755730046575E+000    2.18556580859897E-005
 4.81500000000000E+000    4.91743104878462E+000    4.91740681983099E+000    2.42289536291906E-005
 4.86000000000000E+000    5.00707555357185E+000    5.00704949860379E+000    2.60549680621836E-005
 4.90500000000000E+000    5.09642228061819E+000    5.09639499599253E+000    2.72846256619275E-005
 4.95000000000000E+000    5.18538144295444E+000    5.18535356275378E+000    2.78802006574708E-005
 4.99499999999999E+000    5.27386403829753E+000    5.27383622206921E+000    2.78162283278149E-005
 5.03999999999999E+000    5.36178202924971E+000    5.36175494901927E+000    2.70802304376261E-005
 5.08499999999999E+000    5.44904852154419E+000    5.44902284830377E+000    2.56732404206872E-005
 5.12999999999999E+000    5.53557793997635E+000    5.53555432986066E+000    2.36101156936286E-005
 5.17499999999999E+000    5.62128620166429E+000    5.62126528203727E+000    2.09196270199996E-005
 5.21999999999999E+000    5.70609088628793E+000    5.70607324197071E+000    1.76443172170693E-005
 5.26499999999999E+000    5.78991140296199E+000    5.78989756283761E+000    1.38401243852115E-005
 5.30999999999999E+000    5.87266915340502E+000    5.87265957763761E+000    9.57576741633659E-006
 5.35499999999999E+000    5.95428769107403E+000    5.95428275917931E+000    4.93189471573175E-006
 5.39999999999999E+000    6.03469287594262E+000    6.03469287594264E+000    1.15463194561016E-014
 5.44499999999999E+000    6.11381302460925E+000    6.11381814349717E+000    5.11888791443482E-006
 5.48999999999999E+000    6.19157905543158E+000    6.19158937116247E+000    1.03157308926072E-005
 5.53499999999999E+000    6.26792462839318E+000    6.26794010360300E+000    1.54752098211475E-005
 5.57999999999999E+000    6.34278627941948E+000    6.34280675705804E+000    2.04776385626104E-005
 5.62499999999999E+000    6.41610354887073E+000    6.41612874991464E+000    2.52010439076855E-005
 5.66999999999999E+000    6.48781910395218E+000    6.48784862734071E+000    2.95233885267976E-005
 5.71499999999999E+000    6.55787885479340E+000    6.55791217970434E+000    3.33249109409906E-005
 5.75999999999999E+000    6.62623206396172E+000    6.62626855451529E+000    3.64905535752413E-005
 5.80499999999999E+000    6.69283144918828E+000    6.69287036163535E+000    3.89124470707714E-005
 5.84999999999999E+000    6.75763327909840E+000    6.75767377151494E+000    4.04924165380294E-005
 5.89499999999999E+000    6.82059746175273E+000    6.82063860622554E+000    4.11444728039001E-005
 5.93999999999999E+000    6.88168762581967E+000    6.88172842306936E+000    4.07972496923037E-005
 5.98499999999999E+000    6.94087119421492E+000    6.94091059056128E+000    3.93963463647396E-005
 6.02999999999999E+000    6.99811945005895E+000    6.99815635659099E+000    3.69065320446893E-005
 6.07499999999999E+000    7.05340759481884E+000    7.05344090858827E+000    3.33137694230601E-005
 6.11999999999999E+000    7.10671479851688E+000    7.10674342552876E+000    2.86270118721177E-005
 6.16499999999999E+000    7.15802424190412E+000    7.15804712163342E+000    2.28797293004845E-005
 6.20999999999999E+000    7.20732315051359E+000    7.20733928163102E+000    1.61311174240453E-005
 6.25499999999999E+000    7.25460282052430E+000    7.25461128746997E+000    8.46694567790962E-006
 6.29999999999999E+000    7.29985863638341E+000    7.29985863638343E+000    2.39808173319034E-014
 6.34499999999999E+000    7.34309008015122E+000    7.34308095022974E+000    9.12992148904834E-006
 6.38999999999999E+000    7.38430073254981E+000    7.38428197604939E+000    1.87565004186041E-005
 6.43499999999999E+000    7.42349826571325E+000    7.42346957779924E+000    2.86879140061203E-005
 6.47999999999999E+000    7.46069442765421E+000    7.46065571924502E+000    3.87084091935108E-005
 6.52499999999999E+000    7.49590501847823E+000    7.49585643801421E+000    4.85804640204535E-005
 6.56999999999999E+000    7.52914985839388E+000    7.52909181083321E+000    5.80475606746234E-005
 6.61499999999999E+000    7.56045274758366E+000    7.56038590999502E+000    6.68375886361261E-005
 6.65999999999999E+000    7.58984141801670E+000    7.58976675112677E+000    7.46668899305192E-005
 6.70499999999999E+000    7.61734747730105E+000    7.61726623235046E+000    8.12449505946944E-005
 6.74999999999999E+000    7.64300634468907E+000    7.64292006495487E+000    8.62797342060517E-005
 6.79499999999999E+000    7.66685717936551E+000    7.66676769572157E+000    8.94836439382374E-005
 6.83999999999999E+000    7.68894280116357E+000    7.68885222107465E+000    9.05800889228203E-005
 6.88499999999999E+000    7.70930960386936E+000    7.70922029324974E+000    8.93106196251381E-005
 6.92999999999999E+000    7.72800746129036E+000    7.72792201870641E+000    8.54425839431628E-005
 6.97499999999999E+000    7.74508962627794E+000    7.74501084903540E+000    7.87772425390188E-005
 7.01999999999999E+000    7.76061262290862E+000    7.76054346464171E+000    6.91582669105628E-005
 7.06499999999999E+000    7.77463613204204E+000    7.77457965151426E+000    5.64805277853964E-005
 7.10999999999999E+000    7.78722287048768E+000    7.78718217142345E+000    4.06990642378702E-005
 7.15499999999999E+000    7.79843846402472E+000    7.79841662591887E+000    2.18381058516570E-005
 7.19999999999999E+000    7.80835131453225E+000    7.80835131453227E+000    1.86517468137026E-014
 7.24499999999999E+000    7.81703246149888E+000    7.81705708762301E+000    2.46261241336754E-005
 7.28999999999999E+000    7.82455543819199E+000    7.82460719433737E+000    5.17561453756699E-005
 7.33499999999999E+000    7.83099612277805E+000    7.83107712618738E+000    8.10034093277068E-005
 7.37999999999999E+000    7.83643258469522E+000    7.83654445679004E+000    1.11872094817223E-004
 7.42499999999999E+000    7.84094492658943E+000    7.84108867834404E+000    1.43751754611898E-004
 7.46999999999999E+000    7.84461512213388E+000    7.84479103545768E+000    1.75913323800181E-004
 7.51499999999999E+000    7.84752685006038E+000    7.84773435697946E+000    2.07506919083222E-004
 7.55999999999999E+000    7.84976532473849E+000    7.85000288652160E+000    2.37561783107410E-004
 7.60499999999999E+000    7.85141712364558E+000    7.85168211240539E+000    2.64988759814067E-004
 7.64999999999999E+000    7.85257001207694E+000    7.85285859779799E+000    2.88585721047951E-004
 7.69499999999999E+000    7.85331276545116E+000    7.85361981185110E+000    3.07046399942834E-004
 7.73999999999999E+000    7.85373498957012E+000    7.85405396269339E+000    3.18973123268229E-004
 7.78499999999999E+000    7.85392693919795E+000    7.85424983317181E+000    3.22893973855543E-004
 7.82999999999999E+000    7.85397933532595E+000    7.85429662027970E+000    3.17284953747610E-004
 7.87499999999999E+000    7.85398318149355E+000    7.85428377925455E+000    3.00597760999999E-004
 7.91999999999999E+000    7.85402957953727E+000    7.85430087337304E+000    2.71293835774067E-004
 7.96499999999999E+000    7.85420954514062E+000    7.85443743051724E+000    2.27885376622439E-004
 8.00999999999999E+000    7.85461382355843E+000    7.85478280763264E+000    1.68984074205625E-004
 8.05499999999999E+000    7.85533270588876E+000    7.85542606424656E+000    9.33583577991115E-005
 8.09999999999999E+000    7.85645584626421E+000    7.85645584626407E+000    1.38555833473220E-013
 8.14499999999999E+000    7.85807208033298E+000    7.85796028130825E+000    1.11799024733017E-004
 8.18999999999999E+000    7.86026924539706E+000    7.86002688692171E+000    2.42358475347260E-004
 8.23499999999999E+000    7.86313400257162E+000    7.86274249299795E+000    3.91509573672622E-004
 8.27999999999999E+000    7.86675166132597E+000    7.86619317986333E+000    5.58481462643812E-004
 8.32499999999999E+000    7.87120600676096E+000    7.87046423348314E+000    7.41773277822766E-004
 8.36999999999999E+000    7.87657912997281E+000    7.87564011931996E+000    9.39010652852623E-004
 8.41499999999999E+000    7.88295126184669E+000    7.88180447642661E+000    1.14678542008040E-003
 8.45999999999999E+000    7.89040061061657E+000    7.88904013341276E+000    1.36047720380539E-003
 8.50499999999999E+000    7.89900320352029E+000    7.89742914798022E+000    1.57405554007184E-003
 8.54999999999999E+000    7.90883273287040E+000    7.90705287178007E+000    1.77986109032791E-003
 8.59499999999999E+000    7.91996040685235E+000    7.91799204240350E+000    1.96836444885484E-003
 8.63999999999999E+000    7.93245480535231E+000    7.93032690437733E+000    2.12790097497972E-003
 8.68499999999999E+000    7.94638174110630E+000    7.94413736109646E+000    2.24438000983707E-003
 8.72999999999999E+000    7.96180412645187E+000    7.95950315968596E+000    2.30096676591440E-003
 8.77499999999999E+000    7.97878184595216E+000    7.97650411084906E+000    2.27773510310048E-003
 8.81999999999999E+000    7.99737163515010E+000    7.99522034581963E+000    2.15128933046582E-003
 8.86499999999999E+000    8.01762696569829E+000    8.01573261260262E+000    1.89435309566299E-003
 8.90999999999999E+000    8.03959793709723E+000    8.03812261375172E+000    1.47532334550782E-003
 8.95499999999999E+000    8.06333117526092E+000    8.06247338799823E+000    8.57787262686927E-004
 8.99999999999999E+000    8.08886973811532E+000    8.08886973811415E+000    1.16884280032537E-012
