 0.00000000000000E+000    1.00000000000000E+000
 9.00000000000000E-001    1.52160996827066E+000
 1.80000000000000E+000    1.57279790530691E+000
 2.70000000000000E+000    1.79592785798294E+000
 3.60000000000000E+000    2.70324158366585E+000
 4.50000000000000E+000    4.28920420056922E+000
 5.40000000000000E+000    6.03469287594264E+000
 6.30000000000000E+000    7.29985863638342E+000
 7.20000000000000E+000    7.80835131453225E+000
 8.10000000000000E+000    7.85645584626421E+000
 9.00000000000000E+000    8.08886973811532E+000
