 0.00000000000000E+0000   0.00000000000000E+0000
 5.00000000000000E-0003  -1.30646361784503E-0015
 1.00000000000000E-0002   2.61292723569007E-0015
 1.50000000000000E-0002   6.98334619297913E-0015
 2.00000000000000E-0002   5.22585447138013E-0015
 2.50000000000000E-0002  -1.74350551357394E-0014
 3.00000000000000E-0002   2.96442558000987E-0014
 3.50000000000000E-0002  -4.18361092296982E-0014
 4.00000000000000E-0002   1.04517089427602E-0014
 4.50000000000000E-0002   2.09326913441776E-0014
 5.00000000000000E-0002  -5.23170916311155E-0014
 5.50000000000000E-0002   8.37014919180534E-0014
 6.00000000000000E-0002  -1.15085892204991E-0013
 6.50000000000000E-0002   1.46539681430968E-0013
 7.00000000000000E-0002  -9.07021853457923E-0014
 7.50000000000000E-0002   3.48646892606164E-0014
 8.00000000000000E-0002   2.09034178855205E-0014
 8.50000000000000E-0002  -7.67409139706965E-0014
 9.00000000000000E-0002   1.32509021116833E-0013
 9.50000000000000E-0002  -1.88346517202009E-0013
 1.00000000000000E-0001   2.44114624348146E-0013
 1.05000000000000E-0001  -2.99952120433322E-0013
 1.10000000000000E-0001   3.55789616518498E-0013
 1.15000000000000E-0001  -4.11488334725596E-0013
 1.20000000000000E-0001   4.67325830810772E-0013
 1.25000000000000E-0001  -3.48719534151720E-0013
 1.30000000000000E-0001   4.04557030236896E-0013
 1.35000000000000E-0001  -4.60394526322072E-0013
 1.40000000000000E-0001   5.16232022407248E-0013
 1.45000000000000E-0001  -5.71930740614346E-0013
