 0.00000000000000E+0000   0.00000000000000E+0000
 5.00000000000000E-0003   0.00000000000000E+0000
 1.00000000000000E-0002   0.00000000000000E+0000
 1.50000000000000E-0002   0.00000000000000E+0000
 2.00000000000000E-0002   0.00000000000000E+0000
 2.50000000000000E-0002   0.00000000000000E+0000
 3.00000000000000E-0002   0.00000000000000E+0000
 3.50000000000000E-0002   0.00000000000000E+0000
 4.00000000000000E-0002   0.00000000000000E+0000
 4.50000000000000E-0002   0.00000000000000E+0000
 5.00000000000000E-0002   0.00000000000000E+0000
 5.50000000000000E-0002   0.00000000000000E+0000
 6.00000000000000E-0002   0.00000000000000E+0000
 6.50000000000000E-0002   0.00000000000000E+0000
 7.00000000000000E-0002   0.00000000000000E+0000
 7.50000000000000E-0002   0.00000000000000E+0000
 8.00000000000000E-0002   0.00000000000000E+0000
 8.50000000000000E-0002   0.00000000000000E+0000
 9.00000000000000E-0002   0.00000000000000E+0000
 9.50000000000000E-0002   0.00000000000000E+0000
 1.00000000000000E-0001   0.00000000000000E+0000
 1.05000000000000E-0001   0.00000000000000E+0000
 1.10000000000000E-0001   0.00000000000000E+0000
 1.15000000000000E-0001   0.00000000000000E+0000
 1.20000000000000E-0001   0.00000000000000E+0000
 1.25000000000000E-0001   0.00000000000000E+0000
 1.30000000000000E-0001   0.00000000000000E+0000
 1.35000000000000E-0001   0.00000000000000E+0000
 1.40000000000000E-0001   0.00000000000000E+0000
 1.45000000000000E-0001   0.00000000000000E+0000
