 0.00000000000000E+0000   1.41421356237309E+0001
 5.00000000000000E-0003  -1.41421356237309E+0001
 1.00000000000000E-0002   1.41421356237309E+0001
 1.50000000000000E-0002  -1.41421356237310E+0001
 2.00000000000000E-0002   1.41421356237310E+0001
 2.50000000000000E-0002  -1.41421356237310E+0001
 3.00000000000000E-0002   1.41421356237310E+0001
 3.50000000000000E-0002  -1.41421356237310E+0001
 4.00000000000000E-0002   1.41421356237309E+0001
 4.50000000000000E-0002  -1.41421356237309E+0001
 5.00000000000000E-0002   1.41421356237310E+0001
 5.50000000000000E-0002  -1.41421356237309E+0001
 6.00000000000000E-0002   1.41421356237309E+0001
 6.50000000000000E-0002  -1.41421356237309E+0001
 7.00000000000000E-0002   1.41421356237310E+0001
 7.50000000000000E-0002  -1.41421356237309E+0001
 8.00000000000000E-0002   1.41421356237309E+0001
 8.50000000000000E-0002  -1.41421356237309E+0001
 9.00000000000000E-0002   1.41421356237309E+0001
 9.50000000000000E-0002  -1.41421356237309E+0001
 1.00000000000000E-0001   1.41421356237310E+0001
 1.05000000000000E-0001  -1.41421356237309E+0001
 1.10000000000000E-0001   1.41421356237310E+0001
 1.15000000000000E-0001  -1.41421356237310E+0001
 1.20000000000000E-0001   1.41421356237309E+0001
 1.25000000000000E-0001  -1.41421356237309E+0001
 1.30000000000000E-0001   1.41421356237310E+0001
 1.35000000000000E-0001  -1.41421356237310E+0001
 1.40000000000000E-0001   1.41421356237311E+0001
 1.45000000000000E-0001  -1.41421356237309E+0001
