 0.00000000000000E+0000   1.00000000000000E+0001
 6.05000000000000E-0002   9.87688340595138E+0000
 1.21000000000000E-0001   9.51056516295153E+0000
 1.81500000000000E-0001   8.91006524188368E+0000
 2.42000000000000E-0001   8.09016994374947E+0000
 3.02500000000000E-0001   7.07106781186547E+0000
 3.63000000000000E-0001   5.87785252292472E+0000
 4.23500000000000E-0001   4.53990499739558E+0000
 4.84000000000000E-0001   3.09016994374946E+0000
 5.44500000000000E-0001   1.56434465040244E+0000
 6.05000000000000E-0001  -1.46963604480410E-0014
 6.65500000000000E-0001  -1.56434465040218E+0000
 7.26000000000000E-0001  -3.09016994374949E+0000
 7.86500000000000E-0001  -4.53990499739536E+0000
 8.47000000000000E-0001  -5.87785252292452E+0000
 9.07500000000000E-0001  -7.07106781186559E+0000
 9.68000000000000E-0001  -8.09016994374949E+0000
 1.02850000000000E+0000  -8.91006524188363E+0000
 1.08900000000000E+0000  -9.51056516295146E+0000
 1.14950000000000E+0000  -9.87688340595140E+0000
 1.21000000000000E+0000  -1.00000000000000E+0001
 1.27050000000000E+0000  -9.87688340595139E+0000
 1.33100000000000E+0000  -9.51056516295161E+0000
 1.39150000000000E+0000  -8.91006524188360E+0000
 1.45200000000000E+0000  -8.09016994374945E+0000
 1.51250000000000E+0000  -7.07106781186555E+0000
 1.57300000000000E+0000  -5.87785252292493E+0000
 1.63350000000000E+0000  -4.53990499739531E+0000
 1.69400000000000E+0000  -3.09016994374998E+0000
 1.75450000000000E+0000  -1.56434465040241E+0000
 1.81500000000000E+0000   3.28306175648163E-0013
 1.87550000000000E+0000   1.56434465040193E+0000
 1.93600000000000E+0000   3.09016994374952E+0000
 1.99650000000000E+0000   4.53990499739488E+0000
 2.05700000000000E+0000   5.87785252292454E+0000
 2.11750000000000E+0000   7.07106781186481E+0000
 2.17800000000000E+0000   8.09016994374917E+0000
 2.23850000000000E+0000   8.91006524188415E+0000
 2.29900000000000E+0000   9.51056516295164E+0000
 2.35950000000000E+0000   9.87688340595132E+0000
 2.42000000000000E+0000   1.00000000000000E+0001
 2.48050000000000E+0000   9.87688340595130E+0000
 2.54100000000000E+0000   9.51056516295160E+0000
 2.60150000000000E+0000   8.91006524188410E+0000
 2.66200000000000E+0000   8.09016994374977E+0000
 2.72250000000000E+0000   7.07106781186472E+0000
 2.78300000000000E+0000   5.87785252292445E+0000
 2.84350000000000E+0000   4.53990499739579E+0000
 2.90400000000000E+0000   3.09016994374941E+0000
 2.96450000000000E+0000   1.56434465040182E+0000
 3.02500000000000E+0000   2.10735292063835E-0013
 3.08550000000000E+0000  -1.56434465040140E+0000
 3.14600000000000E+0000  -3.09016994374901E+0000
 3.20650000000000E+0000  -4.53990499739541E+0000
 3.26700000000000E+0000  -5.87785252292503E+0000
 3.32750000000000E+0000  -7.07106781186443E+0000
 3.38800000000000E+0000  -8.09016994374885E+0000
 3.44850000000000E+0000  -8.91006524188339E+0000
 3.50900000000000E+0000  -9.51056516295147E+0000
 3.56950000000000E+0000  -9.87688340595106E+0000
 3.63000000000000E+0000  -1.00000000000000E+0001
 3.69050000000000E+0000  -9.87688340595121E+0000
 3.75100000000000E+0000  -9.51056516295177E+0000
 3.81150000000000E+0000  -8.91006524188383E+0000
 3.87200000000000E+0000  -8.09016994374942E+0000
 3.93250000000000E+0000  -7.07106781186511E+0000
 3.99300000000000E+0000  -5.87785252292580E+0000
 4.05350000000000E+0000  -4.53990499739627E+0000
 4.11400000000000E+0000  -3.09016994374992E+0000
 4.17450000000000E+0000  -1.56434465040235E+0000
 4.23500000000000E+0000  -1.88664513699199E-0012
 4.29550000000000E+0000   1.56434465040087E+0000
 4.35600000000000E+0000   3.09016994374849E+0000
 4.41650000000000E+0000   4.53990499739493E+0000
 4.47700000000000E+0000   5.87785252292643E+0000
 4.53750000000000E+0000   7.07106781186405E+0000
 4.59800000000000E+0000   8.09016994374987E+0000
 4.65850000000000E+0000   8.91006524188418E+0000
 4.71900000000000E+0000   9.51056516295131E+0000
 4.77950000000000E+0000   9.87688340595133E+0000
 4.84000000000000E+0000   1.00000000000000E+0001
 4.90050000000000E+0000   9.87688340595129E+0000
 4.96100000000000E+0000   9.51056516295124E+0000
 5.02150000000000E+0000   8.91006524188407E+0000
 5.08200000000000E+0000   8.09016994374974E+0000
 5.14250000000000E+0000   7.07106781186549E+0000
 5.20300000000000E+0000   5.87785252292624E+0000
 5.26350000000000E+0000   4.53990499739675E+0000
 5.32400000000000E+0000   3.09016994375043E+0000
 5.38450000000000E+0000   1.56434465040288E+0000
 5.44500000000000E+0000  -2.12178690416065E-0012
 5.50550000000000E+0000  -1.56434465040034E+0000
 5.56600000000000E+0000  -3.09016994375014E+0000
 5.62650000000000E+0000  -4.53990499739648E+0000
 5.68700000000000E+0000  -5.87785252292415E+0000
 5.74750000000000E+0000  -7.07106781186527E+0000
 5.80800000000000E+0000  -8.09016994374956E+0000
 5.86850000000000E+0000  -8.91006524188394E+0000
 5.92900000000000E+0000  -9.51056516295184E+0000
 5.98950000000000E+0000  -9.87688340595124E+0000
 6.05000000000000E+0000  -1.00000000000000E+0001
 6.11050000000000E+0000  -9.87688340595138E+0000
 6.17100000000000E+0000  -9.51056516295210E+0000
 6.23150000000000E+0000  -8.91006524188432E+0000
 6.29200000000000E+0000  -8.09016994375005E+0000
 6.35250000000000E+0000  -7.07106781186587E+0000
 6.41300000000000E+0000  -5.87785252292484E+0000
 6.47350000000000E+0000  -4.53990499739723E+0000
 6.53400000000000E+0000  -3.09016994374878E+0000
 6.59450000000000E+0000  -1.56434465040341E+0000
 6.65500000000000E+0000  -2.96472807241599E-0012
 6.71550000000000E+0000   1.56434465040205E+0000
 6.77600000000000E+0000   3.09016994374747E+0000
 6.83650000000000E+0000   4.53990499739600E+0000
 6.89700000000000E+0000   5.87785252292372E+0000
 6.95750000000000E+0000   7.07106781186328E+0000
 7.01800000000000E+0000   8.09016994374924E+0000
 7.07850000000000E+0000   8.91006524188473E+0000
 7.13900000000000E+0000   9.51056516295027E+0000
 7.19950000000000E+0000   9.87688340595116E+0000
 7.26000000000000E+0000   1.00000000000000E+0001
 7.32050000000000E+0000   9.87688340595146E+0000
 7.38100000000000E+0000   9.51056516295086E+0000
 7.44150000000000E+0000   8.91006524188353E+0000
 7.50200000000000E+0000   8.09016994375037E+0000
 7.56250000000000E+0000   7.07106781186464E+0000
 7.62300000000000E+0000   5.87785252292527E+0000
 7.68350000000000E+0000   4.53990499739771E+0000
 7.74400000000000E+0000   3.09016994374930E+0000
 7.80450000000000E+0000   1.56434465040395E+0000
 7.86500000000000E+0000  -1.04370396873665E-0012
 7.92550000000000E+0000  -1.56434465040152E+0000
 7.98600000000000E+0000  -3.09016994374696E+0000
 8.04650000000000E+0000  -4.53990499739552E+0000
 8.10700000000000E+0000  -5.87785252292328E+0000
 8.16750000000000E+0000  -7.07106781186612E+0000
 8.22800000000000E+0000  -8.09016994374892E+0000
 8.28850000000000E+0000  -8.91006524188242E+0000
 8.34900000000000E+0000  -9.51056516295151E+0000
 8.40950000000000E+0000  -9.87688340595108E+0000
 8.47000000000000E+0000  -1.00000000000000E+0001
 8.53050000000000E+0000  -9.87688340595155E+0000
 8.59100000000000E+0000  -9.51056516295244E+0000
 8.65150000000000E+0000  -8.91006524188378E+0000
 8.71200000000000E+0000  -8.09016994375069E+0000
 8.77250000000000E+0000  -7.07106781186824E+0000
 8.83300000000000E+0000  -5.87785252292571E+0000
 8.89350000000000E+0000  -4.53990499739819E+0000
 8.95400000000000E+0000  -3.09016994374548E+0000
 9.01450000000000E+0000  -1.56434465040448E+0000
 9.07500000000000E+0000  -4.04281100783999E-0012
 9.13550000000000E+0000   1.56434465040548E+0000
 9.19600000000000E+0000   3.09016994375077E+0000
 9.25650000000000E+0000   4.53990499739098E+0000
 9.31700000000000E+0000   5.87785252292652E+0000
 9.37750000000000E+0000   7.07106781186574E+0000
 9.43800000000000E+0000   8.09016994374861E+0000
 9.49850000000000E+0000   8.91006524188423E+0000
 9.55900000000000E+0000   9.51056516295134E+0000
 9.61950000000000E+0000   9.87688340595170E+0000
 9.68000000000000E+0000   1.00000000000000E+0001
 9.74050000000000E+0000   9.87688340595163E+0000
 9.80100000000000E+0000   9.51056516295120E+0000
 9.86150000000000E+0000   8.91006524188402E+0000
 9.92200000000000E+0000   8.09016994374833E+0000
 9.98250000000000E+0000   7.07106781186540E+0000
 1.00430000000000E+0001   5.87785252292614E+0000
 1.01035000000000E+0001   4.53990499739462E+0000
 1.01640000000000E+0001   3.09016994375032E+0000
 1.02245000000000E+0001   1.56434465040501E+0000
 1.02850000000000E+0001   3.43789666873429E-0014
 1.03455000000000E+0001  -1.56434465040045E+0000
 1.04060000000000E+0001  -3.09016994374593E+0000
 1.04665000000000E+0001  -4.53990499739455E+0000
 1.05270000000000E+0001  -5.87785252292241E+0000
 1.05875000000000E+0001  -7.07106781186536E+0000
 1.06480000000000E+0001  -8.09016994374829E+0000
 1.07085000000000E+0001  -8.91006524188193E+0000
 1.07690000000000E+0001  -9.51056516295118E+0000
 1.08295000000000E+0001  -9.87688340595091E+0000
 1.08900000000000E+0001  -1.00000000000000E+0001
 1.09505000000000E+0001  -9.87688340595171E+0000
 1.10110000000000E+0001  -9.51056516295277E+0000
 1.10715000000000E+0001  -8.91006524188220E+0000
 1.11320000000000E+0001  -8.09016994374865E+0000
 1.11925000000000E+0001  -7.07106781186900E+0000
 1.12530000000000E+0001  -5.87785252292290E+0000
 1.13135000000000E+0001  -4.53990499739510E+0000
 1.13740000000000E+0001  -3.09016994375083E+0000
 1.14345000000000E+0001  -1.56434465040105E+0000
 1.14950000000000E+0001  -5.73420434399341E-0013
 1.15555000000000E+0001   1.56434465040441E+0000
 1.16160000000000E+0001   3.09016994374974E+0000
 1.16765000000000E+0001   4.53990499739407E+0000
 1.17370000000000E+0001   5.87785252292565E+0000
 1.17975000000000E+0001   7.07106781186497E+0000
 1.18580000000000E+0001   8.09016994375065E+0000
 1.19185000000000E+0001   8.91006524188375E+0000
 1.19790000000000E+0001   9.51056516295101E+0000
 1.20395000000000E+0001   9.87688340595153E+0000
 1.21000000000000E+0001   1.00000000000000E+0001
 1.21605000000000E+0001   9.87688340595180E+0000
 1.22210000000000E+0001   9.51056516295153E+0000
 1.22815000000000E+0001   8.91006524188451E+0000
 1.23420000000000E+0001   8.09016994375164E+0000
 1.24025000000000E+0001   7.07106781186617E+0000
 1.24630000000000E+0001   5.87785252292702E+0000
 1.25235000000000E+0001   4.53990499739558E+0000
 1.25840000000000E+0001   3.09016994375135E+0000
 1.26445000000000E+0001   1.56434465040608E+0000
 1.27050000000000E+0001   1.11246190211134E-0012
 1.27655000000000E+0001  -1.56434465039939E+0000
 1.28260000000000E+0001  -3.09016994374923E+0000
 1.28865000000000E+0001  -4.53990499739359E+0000
 1.29470000000000E+0001  -5.87785252292154E+0000
 1.30075000000000E+0001  -7.07106781186781E+0000
 1.30680000000000E+0001  -8.09016994375033E+0000
 1.31285000000000E+0001  -8.91006524188144E+0000
 1.31890000000000E+0001  -9.51056516295085E+0000
 1.32495000000000E+0001  -9.87688340595145E+0000
 1.33100000000000E+0001  -1.00000000000000E+0001
 1.33705000000000E+0001  -9.87688340595188E+0000
 1.34310000000000E+0001  -9.51056516295170E+0000
 1.34915000000000E+0001  -8.91006524188269E+0000
 1.35520000000000E+0001  -8.09016994375195E+0000
 1.36125000000000E+0001  -7.07106781186655E+0000
 1.36730000000000E+0001  -5.87785252292377E+0000
 1.37335000000000E+0001  -4.53990499740011E+0000
 1.37940000000000E+0001  -3.09016994375186E+0000
 1.38545000000000E+0001  -1.56434465040212E+0000
 1.39150000000000E+0001  -6.19897687868798E-0012
 1.39755000000000E+0001   1.56434465040784E+0000
 1.40360000000000E+0001   3.09016994374872E+0000
 1.40965000000000E+0001   4.53990499738906E+0000
 1.41570000000000E+0001   5.87785252292846E+0000
 1.42175000000000E+0001   7.07106781186421E+0000
 1.42780000000000E+0001   8.09016994374467E+0000
 1.43385000000000E+0001   8.91006524188532E+0000
 1.43990000000000E+0001   9.51056516295068E+0000
 1.44595000000000E+0001   9.87688340595137E+0000
 1.45200000000000E+0001   1.00000000000000E+0001
 1.45805000000000E+0001   9.87688340595197E+0000
 1.46410000000000E+0001   9.51056516295187E+0000
 1.47015000000000E+0001   8.91006524188294E+0000
 1.47620000000000E+0001   8.09016994374692E+0000
 1.48225000000000E+0001   7.07106781186693E+0000
 1.48830000000000E+0001   5.87785252292421E+0000
 1.49435000000000E+0001   4.53990499739248E+0000
 1.50040000000000E+0001   3.09016994375237E+0000
 1.50645000000000E+0001   1.56434465040265E+0000
 1.51250000000000E+0001  -2.35692867132931E-0012
 1.51855000000000E+0001  -1.56434465039832E+0000
 1.52460000000000E+0001  -3.09016994374820E+0000
 1.53065000000000E+0001  -4.53990499739669E+0000
 1.53670000000000E+0001  -5.87785252292066E+0000
 1.54275000000000E+0001  -7.07106781186383E+0000
 1.54880000000000E+0001  -8.09016994374969E+0000
 1.55485000000000E+0001  -8.91006524188095E+0000
 1.56090000000000E+0001  -9.51056516295051E+0000
 1.56695000000000E+0001  -9.87688340595128E+0000
 1.57300000000000E+0001  -1.00000000000000E+0001
 1.57905000000000E+0001  -9.87688340595205E+0000
 1.58510000000000E+0001  -9.51056516295203E+0000
 1.59115000000000E+0001  -8.91006524188318E+0000
 1.59720000000000E+0001  -8.09016994375259E+0000
 1.60325000000000E+0001  -7.07106781186731E+0000
 1.60930000000000E+0001  -5.87785252292464E+0000
 1.61535000000000E+0001  -4.53990499739297E+0000
 1.62140000000000E+0001  -3.09016994375288E+0000
 1.62745000000000E+0001  -1.56434465040318E+0000
 1.63350000000000E+0001   1.81788720361731E-0012
 1.63955000000000E+0001   1.56434465039779E+0000
 1.64560000000000E+0001   3.09016994374769E+0000
 1.65165000000000E+0001   4.53990499739621E+0000
 1.65770000000000E+0001   5.87785252292023E+0000
 1.66375000000000E+0001   7.07106781186345E+0000
 1.66980000000000E+0001   8.09016994374938E+0000
 1.67585000000000E+0001   8.91006524188070E+0000
 1.68190000000000E+0001   9.51056516295034E+0000
 1.68795000000000E+0001   9.87688340595120E+0000
 1.69400000000000E+0001   1.00000000000000E+0001
 1.70005000000000E+0001   9.87688340595214E+0000
 1.70610000000000E+0001   9.51056516295220E+0000
 1.71215000000000E+0001   8.91006524188342E+0000
 1.71820000000000E+0001   8.09016994375290E+0000
 1.72425000000000E+0001   7.07106781186769E+0000
 1.73030000000000E+0001   5.87785252292508E+0000
 1.73635000000000E+0001   4.53990499740155E+0000
 1.74240000000000E+0001   3.09016994375340E+0000
 1.74845000000000E+0001   1.56434465040371E+0000
 1.75450000000000E+0001   7.81610128182397E-0012
 1.76055000000000E+0001  -1.56434465039726E+0000
 1.76660000000000E+0001  -3.09016994374718E+0000
 1.77265000000000E+0001  -4.53990499738762E+0000
 1.77870000000000E+0001  -5.87785252291979E+0000
 1.78475000000000E+0001  -7.07106781186307E+0000
 1.79080000000000E+0001  -8.09016994375441E+0000
 1.79685000000000E+0001  -8.91006524188046E+0000
 1.80290000000000E+0001  -9.51056516295018E+0000
 1.80895000000000E+0001  -9.87688340595254E+0000
 1.81500000000000E+0001  -1.00000000000000E+0001
 1.82105000000000E+0001  -9.87688340595080E+0000
 1.82710000000000E+0001  -9.51056516294955E+0000
 1.83315000000000E+0001  -8.91006524188780E+0000
 1.83920000000000E+0001  -8.09016994374787E+0000
 1.84525000000000E+0001  -7.07106781186164E+0000
 1.85130000000000E+0001  -5.87785252293287E+0000
 1.85735000000000E+0001  -4.53990499739393E+0000
 1.86340000000000E+0001  -3.09016994374526E+0000
 1.86945000000000E+0001  -1.56434465040425E+0000
 1.87550000000000E+0001   7.39804268193311E-0013
 1.88155000000000E+0001   1.56434465040571E+0000
 1.88760000000000E+0001   3.09016994374667E+0000
 1.89365000000000E+0001   4.53990499739524E+0000
 1.89970000000000E+0001   5.87785252292671E+0000
 1.90575000000000E+0001   7.07106781186912E+0000
 1.91180000000000E+0001   8.09016994374874E+0000
 1.91785000000000E+0001   8.91006524188434E+0000
 1.92390000000000E+0001   9.51056516295282E+0000
 1.92995000000000E+0001   9.87688340595103E+0000
 1.93600000000000E+0001   1.00000000000000E+0001
 1.94205000000000E+0001   9.87688340595088E+0000
 1.94810000000000E+0001   9.51056516295253E+0000
 1.95415000000000E+0001   8.91006524188392E+0000
 1.96020000000000E+0001   8.09016994374819E+0000
 1.96625000000000E+0001   7.07106781186845E+0000
 1.97230000000000E+0001   5.87785252292595E+0000
 1.97835000000000E+0001   4.53990499739441E+0000
 1.98440000000000E+0001   3.09016994374577E+0000
 1.99045000000000E+0001   1.56434465040478E+0000
 1.99650000000000E+0001  -2.00762800481313E-0013
 2.00255000000000E+0001  -1.56434465040518E+0000
 2.00860000000000E+0001  -3.09016994374615E+0000
 2.01465000000000E+0001  -4.53990499739476E+0000
 2.02070000000000E+0001  -5.87785252292628E+0000
 2.02675000000000E+0001  -7.07106781186231E+0000
 2.03280000000000E+0001  -8.09016994374843E+0000
 2.03885000000000E+0001  -8.91006524188410E+0000
 2.04490000000000E+0001  -9.51056516294985E+0000
 2.05095000000000E+0001  -9.87688340595094E+0000
 2.05700000000000E+0001  -1.00000000000000E+0001
 2.06305000000000E+0001  -9.87688340595239E+0000
 2.06910000000000E+0001  -9.51056516295270E+0000
 2.07515000000000E+0001  -8.91006524188416E+0000
 2.08120000000000E+0001  -8.09016994375386E+0000
 2.08725000000000E+0001  -7.07106781186883E+0000
 2.09330000000000E+0001  -5.87785252292639E+0000
 2.09935000000000E+0001  -4.53990499739489E+0000
 2.10540000000000E+0001  -3.09016994375493E+0000
 2.11145000000000E+0001  -1.56434465040531E+0000
 2.11750000000000E+0001  -3.38278667230685E-0013
 2.12355000000000E+0001   1.56434465039566E+0000
 2.12960000000000E+0001   3.09016994374564E+0000
 2.13565000000000E+0001   4.53990499739428E+0000
 2.14170000000000E+0001   5.87785252291848E+0000
 2.14775000000000E+0001   7.07106781186193E+0000
 2.15380000000000E+0001   8.09016994374811E+0000
 2.15985000000000E+0001   8.91006524187972E+0000
 2.16590000000000E+0001   9.51056516294968E+0000
 2.17195000000000E+0001   9.87688340595086E+0000
 2.17800000000000E+0001   1.00000000000000E+0001
 2.18405000000000E+0001   9.87688340595247E+0000
 2.19010000000000E+0001   9.51056516295287E+0000
 2.19615000000000E+0001   8.91006524188028E+0000
 2.20220000000000E+0001   8.09016994375417E+0000
 2.20825000000000E+0001   7.07106781186922E+0000
 2.21430000000000E+0001   5.87785252291947E+0000
 2.22035000000000E+0001   4.53990499740347E+0000
 2.22640000000000E+0001   3.09016994374680E+0000
 2.23245000000000E+0001   1.56434465039686E+0000
 2.23850000000000E+0001   9.97226715267197E-0012
 2.24455000000000E+0001  -1.56434465040411E+0000
 2.25060000000000E+0001  -3.09016994375378E+0000
 2.25665000000000E+0001  -4.53990499738570E+0000
 2.26270000000000E+0001  -5.87785252292541E+0000
 2.26875000000000E+0001  -7.07106781186797E+0000
 2.27480000000000E+0001  -8.09016994374779E+0000
 2.28085000000000E+0001  -8.91006524188361E+0000
 2.28690000000000E+0001  -9.51056516295232E+0000
 2.29295000000000E+0001  -9.87688340595220E+0000
 2.29900000000000E+0001  -1.00000000000000E+0001
 2.30505000000000E+0001  -9.87688340595114E+0000
 2.31110000000000E+0001  -9.51056516295022E+0000
 2.31715000000000E+0001  -8.91006524188465E+0000
 2.32320000000000E+0001  -8.09016994374914E+0000
 2.32925000000000E+0001  -7.07106781186317E+0000
 2.33530000000000E+0001  -5.87785252292726E+0000
 2.34135000000000E+0001  -4.53990499739585E+0000
 2.34740000000000E+0001  -3.09016994374731E+0000
 2.35345000000000E+0001  -1.56434465040638E+0000
 2.35950000000000E+0001  -1.41636160265468E-0012
 2.36555000000000E+0001   1.56434465040358E+0000
 2.37160000000000E+0001   3.09016994375327E+0000
 2.37765000000000E+0001   4.53990499739332E+0000
 2.38370000000000E+0001   5.87785252292497E+0000
 2.38975000000000E+0001   7.07106781186759E+0000
 2.39580000000000E+0001   8.09016994374748E+0000
 2.40185000000000E+0001   8.91006524188336E+0000
 2.40790000000000E+0001   9.51056516295216E+0000
 2.41395000000000E+0001   9.87688340595069E+0000
 2.42000000000000E+0001   1.00000000000000E+0001
 2.42605000000000E+0001   9.87688340595122E+0000
 2.43210000000000E+0001   9.51056516295320E+0000
 2.43815000000000E+0001   8.91006524188489E+0000
 2.44420000000000E+0001   8.09016994374946E+0000
 2.45025000000000E+0001   7.07106781186998E+0000
 2.45630000000000E+0001   5.87785252292770E+0000
 2.46235000000000E+0001   4.53990499739633E+0000
 2.46840000000000E+0001   3.09016994375647E+0000
 2.47445000000000E+0001   1.56434465040691E+0000
 2.48050000000000E+0001   1.95540307036668E-0012
 2.48655000000000E+0001  -1.56434465040305E+0000
 2.49260000000000E+0001  -3.09016994374410E+0000
 2.49865000000000E+0001  -4.53990499739284E+0000
 2.50470000000000E+0001  -5.87785252292453E+0000
 2.51075000000000E+0001  -7.07106781186078E+0000
 2.51680000000000E+0001  -8.09016994374716E+0000
 2.52285000000000E+0001  -8.91006524188312E+0000
 2.52890000000000E+0001  -9.51056516294918E+0000
 2.53495000000000E+0001  -9.87688340595061E+0000
 2.54100000000000E+0001  -1.00000000000000E+0001
 2.54705000000000E+0001  -9.87688340595273E+0000
 2.55310000000000E+0001  -9.51056516295336E+0000
 2.55915000000000E+0001  -8.91006524188514E+0000
 2.56520000000000E+0001  -8.09016994374978E+0000
 2.57125000000000E+0001  -7.07106781187036E+0000
 2.57730000000000E+0001  -5.87785252292813E+0000
 2.58335000000000E+0001  -4.53990499739681E+0000
 2.58940000000000E+0001  -3.09016994375698E+0000
 2.59545000000000E+0001  -1.56434465040744E+0000
 2.60150000000000E+0001   6.60050247965061E-0012
 2.60755000000000E+0001   1.56434465039353E+0000
 2.61360000000000E+0001   3.09016994375224E+0000
 2.61965000000000E+0001   4.53990499740047E+0000
 2.62570000000000E+0001   5.87785252291674E+0000
 2.63175000000000E+0001   7.07106781186040E+0000
 2.63780000000000E+0001   8.09016994374684E+0000
 2.64385000000000E+0001   8.91006524188287E+0000
 2.64990000000000E+0001   9.51056516295182E+0000
 2.65595000000000E+0001   9.87688340595195E+0000
 2.66200000000000E+0001   1.00000000000000E+0001
 2.66805000000000E+0001   9.87688340595281E+0000
 2.67410000000000E+0001   9.51056516295353E+0000
 2.68015000000000E+0001   8.91006524188538E+0000
 2.68620000000000E+0001   8.09016994375009E+0000
 2.69225000000000E+0001   7.07106781186431E+0000
 2.69830000000000E+0001   5.87785252292121E+0000
 2.70435000000000E+0001   4.53990499740539E+0000
 2.71040000000000E+0001   3.09016994375750E+0000
 2.71645000000000E+0001   1.56434465040797E+0000
 2.72250000000000E+0001   3.03348600579068E-0012
 2.72855000000000E+0001  -1.56434465040198E+0000
 2.73460000000000E+0001  -3.09016994375173E+0000
 2.74065000000000E+0001  -4.53990499738378E+0000
 2.74670000000000E+0001  -5.87785252291630E+0000
 2.75275000000000E+0001  -7.07106781186002E+0000
 2.75880000000000E+0001  -8.09016994374653E+0000
 2.76485000000000E+0001  -8.91006524188263E+0000
 2.77090000000000E+0001  -9.51056516295166E+0000
 2.77695000000000E+0001  -9.87688340595186E+0000
 2.78300000000000E+0001  -1.00000000000000E+0001
 2.78905000000000E+0001  -9.87688340595289E+0000
 2.79510000000000E+0001  -9.51056516294808E+0000
 2.80115000000000E+0001  -8.91006524188563E+0000
 2.80720000000000E+0001  -8.09016994375041E+0000
 2.81325000000000E+0001  -7.07106781186469E+0000
 2.81930000000000E+0001  -5.87785252293636E+0000
 2.82535000000000E+0001  -4.53990499740587E+0000
 2.83140000000000E+0001  -3.09016994374071E+0000
 2.83745000000000E+0001  -1.56434465040851E+0000
 2.84350000000000E+0001  -3.57252747350267E-0012
 2.84955000000000E+0001   1.56434465040145E+0000
 2.85560000000000E+0001   3.09016994373392E+0000
 2.86165000000000E+0001   4.53990499739951E+0000
 2.86770000000000E+0001   5.87785252293058E+0000
 2.87375000000000E+0001   7.07106781187250E+0000
 2.87980000000000E+0001   8.09016994374621E+0000
 2.88585000000000E+0001   8.91006524188238E+0000
 2.89190000000000E+0001   9.51056516295149E+0000
 2.89795000000000E+0001   9.87688340595178E+0000
 2.90400000000000E+0001   1.00000000000000E+0001
 2.91005000000000E+0001   9.87688340595013E+0000
 2.91610000000000E+0001   9.51056516295386E+0000
 2.92215000000000E+0001   8.91006524188587E+0000
 2.92820000000000E+0001   8.09016994375073E+0000
 2.93425000000000E+0001   7.07106781186507E+0000
 2.94030000000000E+0001   5.87785252292208E+0000
 2.94635000000000E+0001   4.53990499739015E+0000
 2.95240000000000E+0001   3.09016994374122E+0000
 2.95845000000000E+0001   1.56434465040904E+0000
 2.96450000000000E+0001   4.11156894121467E-0012
 2.97055000000000E+0001  -1.56434465040092E+0000
 2.97660000000000E+0001  -3.09016994375070E+0000
 2.98265000000000E+0001  -4.53990499739903E+0000
 2.98870000000000E+0001  -5.87785252293015E+0000
 2.99475000000000E+0001  -7.07106781185926E+0000
