-3.989992
-3.983127
-3.976226
-3.969290
-3.962318
-3.955311
-3.948268
-3.941190
-3.934077
-3.926928
-3.919744
-3.912524
-3.905270
-3.897980
-3.890655
-3.883296
-3.875901
-3.868471
-3.861006
-3.853506
-3.845972
-3.838403
-3.830799
-3.823160
-3.815487
-3.807780
-3.800037
-3.792261
-3.784450
-3.776605
-3.768726
-3.760812
-3.752865
-3.744883
-3.736867
-3.728818
-3.720735
-3.712618
-3.704467
-3.696283
-3.688066
-3.679815
-3.671531
-3.663213
-3.654862
-3.646479
-3.638062
-3.629612
-3.621130
-3.612614
-3.604067
-3.595486
-3.586873
-3.578228
-3.569551
-3.560841
-3.552099
-3.543326
-3.534520
-3.525683
-3.516814
-3.507913
-3.498981
-3.490018
-3.481023
-3.471997
-3.462941
-3.453853
-3.444734
-3.435585
-3.426405
-3.417195
-3.407954
-3.398683
-3.389382
-3.380051
-3.370690
-3.361300
-3.351879
-3.342430
-3.332950
-3.323442
-3.313904
-3.304338
-3.294742
-3.285118
-3.275465
-3.265783
-3.256074
-3.246336
-3.236570
-3.226776
-3.216954
-3.207104
-3.197227
-3.187322
-3.177391
-3.167432
-3.157446
-3.147433
-3.137394
-3.127328
-3.117235
-3.107117
-3.096972
-3.086801
-3.076605
-3.066383
-3.056135
-3.045862
-3.035564
-3.025241
-3.014892
-3.004520
-2.994122
-2.983700
-2.973254
-2.962784
-2.952290
-2.941772
-2.931230
-2.920665
-2.910077
-2.899466
-2.888832
-2.878174
-2.867495
-2.856793
-2.846068
-2.835322
-2.824553
-2.813763
-2.802951
-2.792118
-2.781263
-2.770388
-2.759491
-2.748574
-2.737636
-2.726678
-2.715700
-2.704702
-2.693684
-2.682646
-2.671589
-2.660512
-2.649417
-2.638302
-2.627169
-2.616017
-2.604847
-2.593658
-2.582452
-2.571228
-2.559986
-2.548727
-2.537451
-2.526157
-2.514847
-2.503520
-2.492177
-2.480817
-2.469441
-2.458050
-2.446642
-2.435219
-2.423781
-2.412328
-2.400860
-2.389377
-2.377879
-2.366368
-2.354842
-2.343302
-2.331748
-2.320181
-2.308601
-2.297007
-2.285401
-2.273782
-2.262150
-2.250506
-2.238850
-2.227182
-2.215502
-2.203811
-2.192108
-2.180395
-2.168670
-2.156935
-2.145189
-2.133433
-2.121667
-2.109891
-2.098106
-2.086311
-2.074507
-2.062694
-2.050872
-2.039041
-2.027202
-2.015355
-2.003500
-1.991637
-1.979767
-1.967889
-1.956004
-1.944112
-1.932214
-1.920309
-1.908397
-1.896480
-1.884557
-1.872628
-1.860694
-1.848754
-1.836810
-1.824861
-1.812907
-1.800949
-1.788987
-1.777020
-1.765051
-1.753077
-1.741100
-1.729121
-1.717138
-1.705153
-1.693165
-1.681175
-1.669184
-1.657190
-1.645195
-1.633198
-1.621201
-1.609202
-1.597203
-1.585203
-1.573204
-1.561204
-1.549204
-1.537204
-1.525205
-1.513207
-1.501211
-1.489215
-1.477221
-1.465228
-1.453237
-1.441249
-1.429263
-1.417279
-1.405298
-1.393320
-1.381345
-1.369374
-1.357406
-1.345443
-1.333483
-1.321527
-1.309576
-1.297630
-1.285688
-1.273752
-1.261821
-1.249896
-1.237976
-1.226062
-1.214155
-1.202254
-1.190359
-1.178471
-1.166591
-1.154717
-1.142851
-1.130993
-1.119143
-1.107301
-1.095467
-1.083641
-1.071824
-1.060017
-1.048218
-1.036429
-1.024649
-1.012879
-1.001119
-0.989369
-0.977630
-0.965901
-0.954183
-0.942476
-0.930780
-0.919096
-0.907423
-0.895762
-0.884113
-0.872477
-0.860853
-0.849241
-0.837642
-0.826057
-0.814484
-0.802925
-0.791380
-0.779848
-0.768331
-0.756828
-0.745339
-0.733865
-0.722406
-0.710961
-0.699532
-0.688119
-0.676721
-0.665339
-0.653972
-0.642622
-0.631289
-0.619972
-0.608672
-0.597388
-0.586122
-0.574874
-0.563642
-0.552429
-0.541233
-0.530056
-0.518897
-0.507756
-0.496634
-0.485531
-0.474447
-0.463382
-0.452336
-0.441310
-0.430304
-0.419318
-0.408351
-0.397406
-0.386480
-0.375575
-0.364691
-0.353828
-0.342987
-0.332166
-0.321367
-0.310590
-0.299835
-0.289101
-0.278390
-0.267701
-0.257035
-0.246392
-0.235771
-0.225173
-0.214599
-0.204048
-0.193521
-0.183017
-0.172537
-0.162081
-0.151650
-0.141242
-0.130860
-0.120502
-0.110168
-0.099860
-0.089577
-0.079319
-0.069086
-0.058880
-0.048699
-0.038543
-0.028414
-0.018311
-0.008235
0.001816
0.011839
0.021836
0.031806
0.041748
0.051664
0.061552
0.071413
0.081246
0.091051
0.100829
0.110578
0.120299
0.129992
0.139657
0.149293
0.158900
0.168478
0.178028
0.187548
0.197039
0.206501
0.215933
0.225336
0.234709
0.244052
0.253365
0.262648
0.271901
0.281124
0.290316
0.299477
0.308608
0.317709
0.326778
0.335816
0.344824
0.353800
0.362745
0.371658
0.380540
0.389390
0.398208
0.406995
0.415750
0.424472
0.433163
0.441821
0.450447
0.459041
0.467602
0.476130
0.484626
0.493089
0.501519
0.509916
0.518280
0.526611
0.534909
0.543174
0.551405
0.559602
0.567766
0.575897
0.583994
0.592057
0.600086
0.608081
0.616042
0.623970
0.631863
0.639722
0.647546
0.655336
0.663092
0.670814
0.678501
0.686153
0.693771
0.701354
0.708902
0.716416
0.723894
0.731338
0.738747
0.746120
0.753459
0.760763
0.768031
0.775264
0.782462
0.789625
0.796752
0.803844
0.810900
0.817921
0.824907
0.831857
0.838771
0.845650
0.852493
0.859301
0.866072
0.872809
0.879509
0.886174
0.892803
0.899396
0.905953
0.912474
0.918960
0.925409
0.931823
0.938201
0.944542
0.950848
0.957118
0.963352
0.969550
0.975712
0.981838
0.987928
0.993982
1.000000
1.005982
1.011928
1.017838
1.023712
1.029550
1.035352
1.041118
1.046848
1.052542
1.058201
1.063823
1.069409
1.074960
1.080474
1.085953
1.091396
1.096803
1.102174
1.107509
1.112809
1.118072
1.123301
1.128493
1.133650
1.138771
1.143857
1.148907
1.153921
1.158900
1.163844
1.168752
1.173625
1.178462
1.183264
1.188031
1.192763
1.197459
1.202120
1.206747
1.211338
1.215894
1.220416
1.224902
1.229354
1.233771
1.238153
1.242501
1.246814
1.251092
1.255336
1.259546
1.263722
1.267863
1.271970
1.276042
1.280081
1.284086
1.288057
1.291994
1.295897
1.299766
1.303602
1.307405
1.311174
1.314909
1.318611
1.322280
1.325916
1.329519
1.333089
1.336626
1.340130
1.343602
1.347041
1.350447
1.353821
1.357163
1.360472
1.363750
1.366995
1.370208
1.373390
1.376540
1.379658
1.382745
1.385800
1.388824
1.391816
1.394778
1.397709
1.400608
1.403477
1.406316
1.409124
1.411901
1.414648
1.417365
1.420052
1.422709
1.425336
1.427933
1.430501
1.433039
1.435548
1.438028
1.440478
1.442900
1.445293
1.447657
1.449992
1.452299
1.454578
1.456829
1.459051
1.461246
1.463413
1.465552
1.467664
1.469748
1.471806
1.473836
1.475839
1.477816
1.479765
1.481689
1.483586
1.485457
1.487301
1.489120
1.490914
1.492681
1.494423
1.496140
1.497832
1.499498
1.501140
1.502758
1.504350
1.505919
1.507463
1.508983
1.510479
1.511952
1.513401
1.514827
1.516229
1.517608
1.518965
1.520299
1.521610
1.522899
1.524165
1.525410
1.526633
1.527834
1.529013
1.530172
1.531309
1.532425
1.533520
1.534594
1.535649
1.536682
1.537696
1.538690
1.539664
1.540618
1.541553
1.542469
1.543366
1.544244
1.545103
1.545944
1.546767
1.547571
1.548358
1.549126
1.549878
1.550612
1.551328
1.552028
1.552711
1.553378
1.554028
1.554661
1.555279
1.555881
1.556468
1.557039
1.557594
1.558135
1.558661
1.559172
1.559669
1.560152
1.560620
1.561075
1.561516
1.561943
1.562358
1.562759
1.563147
1.563523
1.563887
1.564238
1.564577
1.564904
1.565220
1.565524
1.565817
1.566099
1.566370
1.566631
1.566881
1.567121
1.567351
1.567571
1.567782
1.567983
1.568176
1.568359
1.568533
1.568699
1.568857
1.569007
1.569149
1.569283
1.569409
1.569529
1.569641
1.569746
1.569845
1.569938
1.570024
1.570104
1.570179
1.570248
1.570312
1.570370
1.570424
1.570473
1.570517
1.570557
1.570594
1.570626
1.570655
1.570680
1.570702
1.570721
1.570737
1.570751
1.570763
1.570772
1.570779
1.570785
1.570789
1.570793
1.570795
1.570796
1.570796
1.570796
1.570796
1.570797
1.570797
1.570798
1.570799
1.570802
1.570805
1.570810
1.570816
1.570825
1.570835
1.570847
1.570862
1.570879
1.570900
1.570923
1.570949
1.570980
1.571013
1.571051
1.571093
1.571139
1.571190
1.571246
1.571306
1.571372
1.571443
1.571520
1.571603
1.571691
1.571786
1.571888
1.571996
1.572111
1.572233
1.572363
1.572500
1.572645
1.572798
1.572959
1.573128
1.573306
1.573493
1.573689
1.573894
1.574109
1.574333
1.574567
1.574811
1.575065
1.575330
1.575605
1.575892
1.576189
1.576498
1.576818
1.577150
1.577494
1.577850
1.578218
1.578599
1.578993
1.579399
1.579819
1.580252
1.580698
1.581158
1.581632
1.582121
1.582623
1.583140
1.583672
1.584219
1.584781
1.585358
1.585950
1.586559
1.587183
1.587823
1.588480
1.589153
1.589843
1.590549
1.591273
1.592014
1.592772
1.593548
1.594342
1.595153
1.595983
1.596831
1.597698
1.598583
1.599488
1.600411
1.601354
1.602316
1.603298
1.604300
1.605322
1.606364
1.607426
1.608509
1.609612
1.610737
1.611882
1.613049
1.614237
1.615447
1.616678
1.617932
1.619207
1.620505
1.621826
1.623168
1.624534
1.625923
1.627335
1.628770
1.630228
1.631710
1.633216
1.634746
1.636300
1.637878
1.639480
1.641108
1.642759
1.644436
1.646138
1.647865
1.649617
1.651395
1.653199
1.655028
1.656883
1.658765
1.660672
1.662606
1.664567
1.666554
1.668568
1.670609
1.672678
1.674773
1.676896
1.679046
1.681224
1.683430
1.685664
1.687926
1.690217
1.692535
1.694882
1.697258
1.699662
1.702096
1.704558
1.707050
1.709570
1.712121
1.714700
1.717310
1.719949
1.722618
1.725317
1.728046
1.730805
1.733595
1.736415
1.739266
1.742147
1.745059
1.748003
1.750977
1.753982
1.757019
1.760087
1.763186
1.766317
1.769480
1.772674
1.775901
1.779159
1.782449
1.785772
1.789127
1.792514
1.795933
1.799386
1.802870
1.806388
1.809938
1.813521
1.817138
1.820787
1.824469
1.828185
1.831934
1.835717
1.839533
1.843382
1.847265
1.851182
1.855133
1.859117
1.863135
1.867188
1.871274
1.875395
1.879550
1.883739
1.887963
1.892220
1.896513
1.900840
1.905201
1.909597
1.914028
1.918494
1.922994
1.927529
1.932099
1.936704
1.941345
1.946020
1.950730
1.955476
1.960256
1.965072
1.969923
1.974810
1.979732
1.984689
1.989682
1.994710
1.999774
2.004873
2.010008
