 0.00000000000000E+000
 6.81815183423140E-007
 1.32156534426997E-006
 1.92088125228196E-006
 2.48134635993935E-006
 3.00449788692703E-006
 3.49182787440228E-006
 3.94478423393352E-006
 4.36477176180006E-006
 4.75315314751868E-006
 5.11124995083989E-006
 5.44034357563561E-006
 5.74167621669730E-006
 6.01645178521793E-006
 6.26583682672433E-006
 6.49096141192018E-006
 6.69292002664079E-006
 6.87277241961937E-006
 7.03154445469423E-006
 7.17022894614061E-006
 7.28978646247214E-006
 7.39114612757774E-006
 7.47520640942412E-006
 7.54283587989235E-006
 7.59487396573278E-006
 7.63213169463484E-006
 7.65539240976665E-006
 7.66541248253816E-006
 7.66292200582442E-006
 7.64862547608658E-006
 7.62320245417669E-006
 7.58730823013920E-006
 7.54157445204129E-006
 7.48660976146454E-006
 7.42300039702215E-006
 7.35131081341933E-006
 7.27208425121973E-006
 7.18584332881633E-006
 7.09309059931940E-006
 6.99430910744425E-006
 6.88996292819155E-006
 6.78049770064249E-006
 6.66634114088183E-006
 6.54790355802959E-006
 6.42557834273916E-006
 6.29974245924814E-006
 6.17075691433655E-006
 6.03896723472275E-006
 5.90470390582354E-006
 5.76828282827791E-006
 5.63000575093398E-006
 5.49016069406605E-006
 5.34902236504209E-006
 5.20685256510945E-006
 5.06390058863104E-006
 4.92040361299573E-006
 4.77658707076500E-006
 4.63266502803705E-006
 4.48884053927401E-006
 4.34530601012284E-006
 4.20224353181453E-006
 4.05982522933002E-006
 3.91821358025624E-006
 3.77756174518851E-006
 3.63801387592844E-006
 3.49970542279365E-006
 3.36276343304576E-006
 3.22730684532147E-006
 3.09344676674428E-006
 2.96128676025020E-006
 2.83092310393585E-006
 2.70244506195283E-006
 2.57593514030319E-006
 2.45146933464113E-006
 2.32911737541031E-006
 2.20894296765195E-006
 2.09100401704632E-006
 1.97535286217132E-006
 1.86203648722128E-006
 1.75109674405149E-006
 1.64257054935391E-006
 1.53649009693169E-006
 1.43288304910172E-006
 1.33177272942930E-006
 1.23317831102199E-006
 1.13711499283298E-006
 1.04359418173772E-006
 9.52623659955521E-007
 8.64207751138935E-007
 7.78347482466302E-007
 6.95040744069786E-007
 6.14282434252545E-007
 5.36064618028576E-007
 4.60376661237660E-007
 3.87205370433463E-007
 3.16535138988883E-007
 2.48348057674264E-007
 1.82624062539105E-007
 1.19341043269827E-007
 5.84749679788388E-008
 4.44089209850063E-016
 5.61113946417891E-008
 1.09888338872821E-007
 1.61361434436458E-007
 2.10562669078485E-007
 2.57525312186147E-007
 3.02283825082128E-007
 3.44873765989462E-007
 3.85331707875025E-007
 4.23695144302627E-007
 4.60002415714200E-007
 4.94292625052850E-007
 5.26605571593564E-007
 5.56981660349010E-007
 5.85461847890656E-007
 6.12087563300890E-007
 6.36900651329597E-007
 6.59943303560340E-007
 6.81257998902396E-007
 7.00887448079613E-007
 7.18874536786984E-007
 7.35262272844040E-007
 7.50093731571866E-007
 7.63412011828280E-007
 7.75260190266636E-007
 7.85681268045124E-007
 7.94718137520079E-007
 8.02413536948876E-007
 8.08810012298267E-007
 8.13949879940879E-007
 8.17875193348528E-007
 8.20627707120991E-007
 8.22248845899765E-007
 8.22779679499064E-007
 8.22260882493709E-007
 8.20732720452355E-007
 8.18235017963076E-007
 8.14807134208451E-007
 8.10487942981553E-007
 8.05315810925578E-007
 7.99328578882097E-007
 7.92563540130687E-007
 7.85057427954428E-007
 7.76846394323627E-007
 7.67966001902210E-007
 7.58451204507793E-007
 7.48336338673994E-007
 7.37655108995483E-007
 7.26440584131183E-007
 7.14725175932074E-007
 7.02540647878891E-007
 6.89918089769037E-007
 6.76887924822012E-007
 6.63479897244912E-007
 6.49723072676523E-007
 6.35645827085085E-007
 6.21275852541459E-007
 6.06640145672799E-007
 5.91765013879808E-007
 5.76676070007665E-007
 5.61398237231004E-007
 5.45955739728044E-007
 5.30372116003264E-007
 5.14670210893797E-007
 4.98872182230770E-007
 4.82999505280191E-007
 4.67072972298865E-007
 4.51112694754841E-007
 4.35138117538259E-007
 4.19168012744109E-007
 4.03220491662637E-007
 3.87313004779344E-007
 3.71462353321306E-007
 3.55684695030334E-007
 3.39995549492045E-007
 3.24409800356307E-007
 3.08941713544897E-007
 2.93604937251502E-007
 2.78412510823500E-007
 2.63376875864196E-007
 2.48509881561887E-007
 2.33822798456629E-007
 2.19326318884328E-007
 2.05030573852127E-007
 1.90945141920196E-007
 1.77079055418972E-007
 1.63440808886861E-007
 1.50038375057449E-007
 1.36879209744478E-007
 1.23970264720441E-007
 1.11317997486538E-007
 9.89283770458371E-008
 8.68069025550256E-008
 7.49586104298317E-008
 6.33880783418306E-008
 5.20994460906366E-008
 4.10964204888842E-008
 3.03822864644587E-008
 1.99599212713508E-008
 9.83179582192406E-009
 0.00000000000000E+000
 9.53376089185554E-009
 1.87681457042288E-008
 2.77021725558768E-008
 3.63352052890065E-008
 4.46669441434011E-008
 5.26974119896551E-008
 6.04269514425937E-008
 6.78562059874821E-008
 7.49861148729991E-008
 8.18179011208287E-008
 8.83530599793403E-008
 9.45933522622511E-008
 1.00540789915726E-007
 1.06197633353844E-007
 1.11566370364358E-007
 1.16649716996875E-007
 1.21450603352002E-007
 1.25972162923205E-007
 1.30217725935466E-007
 1.34190808465107E-007
 1.37895104224128E-007
 1.41334474346166E-007
 1.44512940503105E-007
 1.47434673358760E-007
 1.50103985241401E-007
 1.52525324148556E-007
 1.54703261090461E-007
 1.56642483650771E-007
 1.58347790879532E-007
 1.59824080192550E-007
 1.61076342930500E-007
 1.62109657031451E-007
 1.62929176594773E-007
 1.63540129216599E-007
 1.63947803777376E-007
 1.64157546000965E-007
 1.64174755346025E-007
 1.64004868574708E-007
 1.63653364415595E-007
 1.63125749796933E-007
 1.62427554295519E-007
 1.61564329470565E-007
 1.60541635985112E-007
 1.59365043161941E-007
 1.58040119879743E-007
 1.56572431908586E-007
 1.54967535470618E-007
 1.53230969690554E-007
 1.51368259038165E-007
 1.49384899561511E-007
 1.47286358442855E-007
 1.45078073110483E-007
 1.42765439248294E-007
 1.40353813238292E-007
 1.37848505499250E-007
 1.35254774935589E-007
 1.32577830935787E-007
 1.29822821826053E-007
 1.26994838201000E-007
 1.24098907372527E-007
 1.21139988262797E-007
 1.18122972736501E-007
 1.15052678051342E-007
 1.11933847968260E-007
 1.08771148310538E-007
 1.05569165409491E-007
 1.02332402551752E-007
 9.90652782029145E-008
 9.57721277838886E-008
 9.24571941229857E-008
 8.91246330070317E-008
 8.57785089625196E-008
 8.24227901485841E-008
 7.90613554624287E-008
 7.56979836591399E-008
 7.23363584587134E-008
 6.89800672137864E-008
 6.56325946923886E-008
 6.22973299613250E-008
 5.89775617232391E-008
 5.56764738757210E-008
 5.23971543930912E-008
 4.91425855564387E-008
 4.59156497267799E-008
 4.27191273466576E-008
 3.95556942756059E-008
 3.64279274522872E-008
 3.33382992323550E-008
 3.02891822734352E-008
 2.72828450942342E-008
 2.43214561823635E-008
 2.14070845494518E-008
 1.85416954012752E-008
 1.57271582423846E-008
 1.29652403257907E-008
 1.02576115379449E-008
 7.60584550896226E-009
 5.01141694808638E-009
 2.47570652867069E-009
 2.22044604925031E-016
 2.41451247884328E-009
 4.76673078786405E-009
 7.05564739966747E-009
 9.28034527003519E-009
 1.14399957285016E-008
 1.35338582563094E-008
 1.55612777108516E-008
 1.75216851028281E-008
 1.94145924892197E-008
 2.12395967480461E-008
 2.29963733611172E-008
 2.46846754148322E-008
 2.63043369308491E-008
 2.78552626520323E-008
 2.93374348148134E-008
 3.07509068209200E-008
 3.20958010169292E-008
 3.33723109147144E-008
 3.45806948631733E-008
 3.57212761592507E-008
 3.67944443802060E-008
 3.78006475010295E-008
 3.87403934487551E-008
 3.96142498804153E-008
 4.04228385209038E-008
 4.11668357180872E-008
 4.18469702223590E-008
 4.24640214102823E-008
 4.30188155098321E-008
 4.35122269326627E-008
 4.39451739442376E-008
 4.43186179976962E-008
 4.46335610693183E-008
 4.48910425498994E-008
 4.50921419092865E-008
 4.52379718129947E-008
 4.53296788438529E-008
 4.53684403933785E-008
 4.53554637180886E-008
 4.52919833859866E-008
 4.51792618871849E-008
 4.50185839162565E-008
 4.48112559836567E-008
 4.45586063602122E-008
 4.42619824125856E-008
 4.39227461623837E-008
 4.35422795597162E-008
 4.31219722707432E-008
 4.26632292827023E-008
 4.21674661299498E-008
 4.16361048416469E-008
 4.10705777720288E-008
 4.04723181079980E-008
 3.98427656422840E-008
 3.91833628876626E-008
 3.84955519683317E-008
 3.77807749807335E-008
 3.70404704963523E-008
 3.62760750882707E-008
 3.54890193621227E-008
 3.46807289275386E-008
 3.38526208454315E-008
 3.30061013242844E-008
 3.21425700777755E-008
 3.12634129834288E-008
 3.03700032344700E-008
 2.94637024084166E-008
 2.85458535143057E-008
 2.76177859470650E-008
 2.66808125037876E-008
 2.57362255326465E-008
 2.47853019566535E-008
 2.38292939894191E-008
 2.28694355466907E-008
 2.19069388948667E-008
 2.09429929110688E-008
 1.99787633661189E-008
 1.90153904757601E-008
 1.80539908821442E-008
 1.70956543713019E-008
 1.61414457217068E-008
 1.51924020030947E-008
 1.42495308885771E-008
 1.33138144536860E-008
 1.23862054363100E-008
 1.14676260154489E-008
 1.05589713084164E-008
 9.66110319522429E-009
 8.77485493988584E-009
 7.90102927528125E-009
 7.04039720966776E-009
 6.19369966425865E-009
 5.36164321274235E-009
 4.54490464707469E-009
 3.74412928438872E-009
 2.95992907961562E-009
 2.19288454061939E-009
 1.44354311837347E-009
 7.12420539228376E-010
 1.11022302462516E-016
 6.93267138140996E-010
 1.36696168273609E-009
 2.02069777577307E-009
 2.65412014588406E-009
 3.26690691165865E-009
 3.85876658404172E-009
 4.42943920431205E-009
 4.97869595550427E-009
 5.50634154938834E-009
 6.01220812024295E-009
 6.49615961023642E-009
 6.95809032613681E-009
 7.39792244131010E-009
 7.81561065865688E-009
 8.21113649296379E-009
 8.58450960317114E-009
 8.93576895810711E-009
 9.26497889519595E-009
 9.57223400543939E-009
 9.85765330474564E-009
 1.01213815661971E-008
 1.03635895420950E-008
 1.05844732423144E-008
 1.07842521024359E-008
 1.09631697053914E-008
 1.11214927822623E-008
 1.12595091028567E-008
 1.13775290855322E-008
 1.14758856861741E-008
 1.15549289581018E-008
 1.16150306039842E-008
 1.16565816998815E-008
 1.16799889759989E-008
 1.16856796461562E-008
 1.16740965783180E-008
 1.16456968513035E-008
 1.16009557515895E-008
 1.15403592237939E-008
 1.14644110871254E-008
 1.13736253748442E-008
 1.12685279995972E-008
 1.11496577526182E-008
 1.10175620848807E-008
 1.08728008818559E-008
 1.07159395801304E-008
 1.05475540523869E-008
 1.03682266106020E-008
 1.01785458950232E-008
 9.97910720723638E-009
 9.77050951256331E-009
 9.55335643926247E-009
 9.32825516830605E-009
 9.09581354680000E-009
 8.85664563909927E-009
 8.61136117968897E-009
 8.36057267861179E-009
 8.10489220182120E-009
 7.84492870664622E-009
 7.58129192757196E-009
 7.31458627001303E-009
 7.04541291973726E-009
 6.77436917673191E-009
 6.50204712293601E-009
 6.22903284508425E-009
 5.95590632368470E-009
 5.68324054484038E-009
 5.41159872469166E-009
 5.14153797315231E-009
 4.87360518608426E-009
 4.60833737836453E-009
 4.34626179490749E-009
 4.08789191386205E-009
 3.83373410794974E-009
 3.58427931779204E-009
 3.34000593849027E-009
 3.10138081882627E-009
 2.86885493139266E-009
 2.64286359463739E-009
 2.42383291215731E-009
 2.21216833740101E-009
 2.00825978069474E-009
 1.81248471786688E-009
 1.62520052970905E-009
 1.44674838775671E-009
 1.27745181099925E-009
 1.11761788712528E-009
 9.67534163898165E-010
 8.27468982222968E-010
 6.97675472949300E-010
 5.78383785310166E-010
 4.69806082925572E-010
 3.72136654824828E-010
 2.85547030465239E-010
 2.10190753691109E-010
 1.46202605577628E-010
 9.36944966056785E-011
 5.27574650632801E-011
 2.34658958930822E-011
 5.87041526500798E-012
 1.22124532708767E-015
 5.87063730961290E-012
 2.34667840715019E-011
 5.27575760855825E-011
 9.36943855833761E-011
 1.46203493756047E-010
 2.10192085958738E-010
 2.85547363532146E-010
 3.72136987891736E-010
 4.69806638037085E-010
 5.78384451443981E-010
 6.97676805216929E-010
 8.27470758579807E-010
 9.67534719009677E-010
 1.11761910837060E-009
 1.27745281019998E-009
 1.44674960900204E-009
 1.62520241708819E-009
 1.81248638320142E-009
 2.00826155705158E-009
 2.21216933660173E-009
 2.42383579873717E-009
 2.64286614815035E-009
 2.86885648570490E-009
 3.10138270620541E-009
 3.34000826995862E-009
 3.58428220437190E-009
 3.83373754964112E-009
 4.08789402328580E-009
 4.34626379330894E-009
 4.60834015392209E-009
 4.87360840573103E-009
 5.14154097075448E-009
 5.41160227740534E-009
 5.68324343142024E-009
 5.95590998742068E-009
 6.22903661984253E-009
 6.50205111973890E-009
 6.77437350660171E-009
 7.04541647245094E-009
 7.31458960068210E-009
 7.58129625744175E-009
 7.84493336958292E-009
 8.10489564351258E-009
 8.36057667541468E-009
 8.61136539853647E-009
 8.85664941385756E-009
 9.09581832075901E-009
 9.32825927613124E-009
 9.55336054708767E-009
 9.77051461958922E-009
 9.97911286937381E-009
 1.01785506689822E-008
 1.03682311625164E-008
 1.05475597145244E-008
 1.07159445761340E-008
 1.08728066550157E-008
 1.10175679690627E-008
 1.11496631927110E-008
 1.12685338837792E-008
 1.13736302598255E-008
 1.14644180815304E-008
 1.15403653300206E-008
 1.16009615247492E-008
 1.16457039567308E-008
 1.16741027955669E-008
 1.16856873066951E-008
 1.16799960814262E-008
 1.16565883612196E-008
 1.16150375983892E-008
 1.15549363410850E-008
 1.14758926805791E-008
 1.13775362464708E-008
 1.12595164303286E-008
 1.11214999432008E-008
 1.09631776989971E-008
 1.07842603735975E-008
 1.05844815134759E-008
 1.03635982018346E-008
 1.01213897263364E-008
 9.85766113181797E-009
 9.57224211006747E-009
 9.26498811004706E-009
 8.93577700722403E-009
 8.58451820739959E-009
 8.21114598537065E-009
 7.81562037310835E-009
 7.39793204473927E-009
 6.95809942996562E-009
 6.49616871406522E-009
 6.01221827878362E-009
 5.50635204099592E-009
 4.97870655813415E-009
 4.42944925183042E-009
 3.85877663156009E-009
 3.26691784735544E-009
 2.65413113709201E-009
 2.02071004373750E-009
 1.36697364538918E-009
 6.93278323637969E-010
 1.11022302462516E-014
 7.12408132486076E-010
 1.44353173858747E-009
 2.19287188407691E-009
 2.95991631205084E-009
 3.74411679437969E-009
 4.54489157419857E-009
 5.36162914066552E-009
 6.19368734078307E-009
 7.04038516374794E-009
 7.90101584158265E-009
 8.77484174210963E-009
 9.66108903988072E-009
 1.05589563759168E-008
 1.14676124152169E-008
 1.23861909617773E-008
 1.33138002844646E-008
 1.42495164556777E-008
 1.51923869040616E-008
 1.61414304145069E-008
 1.70956395706412E-008
 1.80539749816688E-008
 1.90153743861998E-008
 1.99787475452240E-008
 2.09429777964232E-008
 2.19069229423496E-008
 2.28694194692736E-008
 2.38292774401572E-008
 2.47852849355468E-008
 2.57362093858404E-008
 2.66807955728865E-008
 2.76177685165635E-008
 2.85458356952262E-008
 2.94636839370810E-008
 3.03699854153905E-008
 3.12633954280273E-008
 3.21425519533847E-008
 3.30060829778489E-008
 3.38526007226392E-008
 3.46807103035474E-008
 3.54890001830199E-008
 3.62760550487451E-008
 3.70404500404931E-008
 3.77807551910081E-008
 3.84955309851165E-008
 3.91833423485366E-008
 3.98427444370242E-008
 4.04722970692717E-008
 4.10705565112579E-008
 4.16360836918983E-008
 4.21674435369113E-008
 4.26632071892641E-008
 4.31219502328162E-008
 4.35422566891219E-008
 4.39227236803674E-008
 4.42619592089244E-008
 4.45585828234840E-008
 4.48112316142613E-008
 4.50185597689057E-008
 4.51792374622784E-008
 4.52919595161916E-008
 4.53554389601152E-008
 4.53684141366040E-008
 4.53296535862791E-008
 4.52379473880882E-008
 4.50921158190454E-008
 4.48910173478367E-008
 4.46335348680549E-008
 4.43185919074551E-008
 4.39451477429742E-008
 4.35122002873101E-008
 4.30187871991450E-008
 4.24639934326621E-008
 4.18469427998503E-008
 4.11668068522886E-008
 4.04228090999936E-008
 3.96142214587059E-008
 3.87403644719342E-008
 3.78006168588740E-008
 3.67944146262289E-008
 3.57212459611844E-008
 3.45806627777279E-008
 3.33722800505143E-008
 3.20957698196622E-008
 3.07508747354746E-008
 2.93374038395911E-008
 2.78552310106761E-008
 2.63043038462030E-008
 2.46846434404091E-008
 2.29963406095379E-008
 2.12395634413554E-008
 1.94145584053729E-008
 1.75216514630705E-008
 1.55612425167817E-008
 1.35338236173510E-008
 1.14399605344318E-008
 9.28030963187610E-009
 7.05561209457528E-009
 4.76669348437042E-009
 2.41447550841656E-009
 3.57491813929300E-014
 2.47574427625352E-009
 5.01145436260231E-009
 7.60588325654510E-009
 1.02576496185947E-008
 1.29652788505297E-008
 1.57271966561012E-008
 1.85417348141925E-008
 2.14071238513469E-008
 2.43214950401693E-008
 2.72828850622631E-008
 3.02892224635087E-008
 3.33383400885623E-008
 3.64279681974722E-008
 3.95557355759024E-008
 4.27191688689987E-008
 4.59156914711656E-008
 4.91426284110475E-008
 5.23971972477000E-008
 5.56765176185081E-008
 5.89776056880709E-008
 6.22973739261568E-008
 6.56326382131312E-008
 6.89801107345289E-008
 7.23364044219466E-008
 7.56980289562393E-008
 7.90614005374835E-008
 8.24228372220404E-008
 8.57785535934852E-008
 8.91246798584433E-008
 9.24572418625758E-008
 9.57721737471218E-008
 9.90653261645491E-008
 1.02332451623610E-007
 1.05569213593171E-007
 1.08771197160351E-007
 1.11933897040117E-007
 1.15052727345244E-007
 1.18123022474492E-007
 1.21140038222833E-007
 1.24098957332564E-007
 1.26994887938992E-007
 1.29822874006536E-007
 1.32577882450136E-007
 1.35254828892428E-007
 1.37848558789955E-007
 1.40353864974685E-007
 1.42765494537400E-007
 1.45078126179143E-007
 1.47286414176051E-007
 1.49384953518350E-007
 1.51368315437495E-007
 1.53231026311929E-007
 1.54967592314037E-007
 1.56572488085871E-007
 1.58040175612939E-007
 1.59365102447850E-007
 1.60541693938754E-007
 1.61564386536028E-007
 1.62427613137339E-007
 1.63125808638753E-007
 1.63653423479460E-007
 1.64004930303108E-007
 1.64174815964202E-007
 1.64157607063231E-007
 1.63947863951464E-007
 1.63540189168643E-007
 1.62929238545217E-007
 1.62109718537806E-007
 1.61076407323435E-007
 1.59824144141396E-007
 1.58347852607932E-007
 1.56642548043706E-007
 1.54703325483396E-007
 1.52525388763536E-007
 1.50104050744559E-007
 1.47434739528052E-007
 1.44513006006264E-007
 1.41334542291816E-007
 1.37895170837510E-007
 1.34190876188711E-007
 1.30217794547249E-007
 1.25972231979077E-007
 1.21450670409473E-007
 1.16649785164569E-007
 1.11566438976141E-007
 1.06197701521538E-007
 1.00540858971598E-007
 9.45934233165247E-008
 8.83531314777031E-008
 8.18179728412361E-008
 7.49861865934065E-008
 6.78562781519787E-008
 6.04270236070903E-008
 5.26974865966423E-008
 4.46670163078977E-008
 3.63352801180383E-008
 2.77022493833101E-008
 1.87682218655283E-008
 9.53383705315503E-009
 7.79376563286860E-014
 9.83172010471378E-009
 1.99598433336945E-008
 3.03822100811146E-008
 4.10963423291833E-008
 5.20993694852479E-008
 6.33879984057728E-008
 7.49585311599077E-008
 8.68068219528340E-008
 9.89282955554671E-008
 1.11317915107989E-007
 1.23970182563937E-007
 1.36879127365930E-007
 1.50038291568677E-007
 1.63440726064223E-007
 1.77078971486111E-007
 1.90945057321201E-007
 2.05030490363356E-007
 2.19326234063288E-007
 2.33822713191501E-007
 2.48509797406982E-007
 2.63376790821113E-007
 2.78412425114283E-007
 2.93604850432061E-007
 3.08941626059323E-007
 3.24409709762108E-007
 3.39995460230114E-007
 3.55684605102269E-007
 3.71462260950750E-007
 3.87312910632431E-007
 4.03220400402304E-007
 4.19167923482178E-007
 4.35138026499971E-007
 4.51112602606330E-007
 4.67072878373998E-007
 4.82999413131680E-007
 4.98872089860214E-007
 5.14670114970528E-007
 5.30372019857950E-007
 5.45955645359087E-007
 5.61398141529779E-007
 5.76675973640306E-007
 5.91764915958138E-007
 6.06640047529084E-007
 6.21275752621387E-007
 6.35645730495682E-007
 6.49722974310763E-007
 6.63479797324840E-007
 6.76887826234207E-007
 6.89917987850564E-007
 7.02540544850194E-007
 7.14725075789957E-007
 7.26440480214308E-007
 7.37655007299054E-007
 7.48336233424851E-007
 7.58451099924784E-007
 7.67965895542844E-007
 7.76846289296529E-007
 7.85057320706884E-007
 7.92563433993365E-007
 7.99328473854999E-007
 8.05315705898480E-007
 8.10487834179696E-007
 8.14807023852282E-007
 8.18234908495086E-007
 8.20732608319830E-007
 8.22260770583228E-007
 8.22779567810628E-007
 8.22248735099507E-007
 8.20627592101886E-007
 8.17875077885333E-007
 8.13949765143818E-007
 8.08809897723251E-007
 8.02413422373860E-007
 7.94718021168706E-007
 7.85681149917395E-007
 7.75260073693218E-007
 7.63411895920996E-007
 7.50093611223690E-007
 7.35262153161998E-007
 7.18874419103344E-007
 7.00887325955080E-007
 6.81257878776265E-007
 6.59943180769673E-007
 6.36900527650752E-007
 6.12087438955911E-007
 5.85461723323633E-007
 5.56981535115853E-007
 5.26605445028139E-007
 4.94292498265381E-007
 4.60002287594463E-007
 4.23695015738801E-007
 3.85331580421422E-007
 3.44873636093368E-007
 3.02283692299454E-007
 2.57525178071205E-007
 2.10562535851722E-007
 1.61361301209695E-007
 1.09888202315389E-007
 5.61112616370707E-008
 1.35003119794419E-013
 5.84751049803600E-008
 1.19341181825661E-007
 1.82624200872894E-007
 2.48348197562365E-007
 3.16535281985608E-007
 3.87205515206546E-007
 4.60376800903717E-007
 5.36064762135524E-007
 6.14282579913805E-007
 6.95040889953092E-007
 7.78347630792098E-007
 8.64207899020642E-007
 9.52623808281317E-007
 1.04359433383827E-006
 1.13711514537762E-006
 1.23317846245641E-006
 1.33177288375030E-006
 1.43288320408885E-006
 1.53649025058655E-006
 1.64257070522922E-006
 1.75109690259134E-006
 1.86203664442886E-006
 1.97535302004503E-006
 2.09100418091523E-006
 2.20894313041065E-006
 2.32911753994536E-006
 2.45146949962027E-006
 2.57593530417211E-006
 2.70244522782015E-006
 2.83092327246770E-006
 2.96128692678366E-006
 3.09344693993907E-006
 3.22730701896035E-006
 3.36276360646259E-006
 3.49970560065138E-006
 3.63801405489639E-006
 3.77756192215806E-006
 3.91821376188872E-006
 4.05982540985228E-006
 4.20224371722178E-006
 4.34530619308760E-006
 4.48884072512534E-006
 4.63266521366634E-006
 4.77658725950292E-006
 4.92040379995729E-006
 5.06390078158781E-006
 5.20685275695598E-006
 5.34902256177361E-006
 5.49016089168575E-006
 5.63000595232843E-006
 5.76828302878418E-006
 5.90470411032662E-006
 6.03896743855970E-006
 6.17075711906168E-006
 6.29974266508349E-006
 6.42557854746429E-006
 6.54790377074832E-006
 6.66634135559896E-006
 6.78049791713598E-006
 6.88996314468504E-006
 6.99430932638023E-006
 7.09309082247423E-006
 7.18584355174912E-006
 7.27208447703909E-006
 7.35131103790643E-006
 7.42300063016899E-006
 7.48660999372319E-006
 7.54157468874084E-006
 7.58730846639466E-006
 7.62320269553918E-006
 7.64862571744907E-006
 7.66292225229393E-006
 7.66541272989585E-006
 7.65539265912274E-006
 7.63213194798773E-006
 7.59487422130612E-006
 7.54283613479956E-006
 7.47520666877222E-006
 7.39114639158878E-006
 7.28978672714931E-006
 7.17022921437050E-006
 7.03154472936341E-006
 6.87277269451059E-006
 6.69292030530677E-006
 6.49096169702546E-006
 6.26583711160755E-006
 6.01645207187751E-006
 5.74167650757573E-006
 5.44034386962267E-006
 5.11125024882375E-006
 4.75315344550253E-006
 4.36477206400277E-006
 3.94478453880076E-006
 3.49182818082383E-006
 3.00449819889970E-006
 2.48134667746314E-006
 1.92088157269232E-006
 1.32156566801100E-006
 6.81815509828710E-007
 3.33066907387547E-013
